[1,["c89m0XNRpI2qEsAhLShXXE","1brw/JvvpFnIvdrxpFCgMZ","12Y9dMgWdJKJGmTiZyQR9H@2e76e","baIUdvKGZPgZxNbjWTFuRI","39ZQyUuBpHqZfd9IzQy20M@1f586","39ZQyUuBpHqZfd9IzQy20M@cdba2","4bPQd0cbZA/rd06cEiChiV@4bb1a","bcWsMgR5NIMpfcbbQFFRbT@a97db","f1Z6iE+x5GHIdXC8gW2JNO@d2568","04bSVv+MhDpLTz27464Qt4","e7uvg1myZCMKBXlzfpicfW@69919","307DuT7oNGupE9vOvTmcki@6e775","96coW3qJJFEbkiE9Ayz6dG","d3x4IMKphEKYvHuEU7yaxB","12Y9dMgWdJKJGmTiZyQR9H@a804a","745IB7ZbRIzLhxtT+1GzG/","a0RIz9LVJKubtxe/0etQyd@6c48a","39ZQyUuBpHqZfd9IzQy20M@c4114","39ZQyUuBpHqZfd9IzQy20M@db4d2","39ZQyUuBpHqZfd9IzQy20M@59253","39ZQyUuBpHqZfd9IzQy20M@6363a","39ZQyUuBpHqZfd9IzQy20M@566ed","39ZQyUuBpHqZfd9IzQy20M@2f8d2","39ZQyUuBpHqZfd9IzQy20M@438fe","6eetnKyI9MYbehjPMTGGGQ@6c48a","185moeSdlDuq5OwCs+3wpd@6c48a"],["targetInfo","node","_effectAsset","_parent","value","root","_mesh","mainTexture","target","data","_material","source","asset","_skeleton","_defaultClip"],[["cc.Node",["_name","_objFlags","__editorExtras__","_prefab","_lpos","_children","_parent","_lrot","_euler","_lscale","_components"],0,4,5,2,1,5,5,5,12],["cc.Node",["_name","_active","_layer","_components","_prefab","_parent","_lscale","_lpos","_lrot","_euler","_children"],0,9,4,1,5,5,5,5,12],["cc.Material",["_states","_defines","_techIdx","_name","_props"],-1,12],["cc.Prefab",["_name"],2],["cc.TargetOverrideInfo",["propertyPath","target","targetInfo","source"],2,1,4,1],["cc.MeshRenderer",["_name","_enabled","node","__prefab","_materials","bakeSettings","_mesh"],1,1,4,3,4,6],["cc.Mesh",["_native","_hash","_struct"],1,11],["cc.Node",["_name","_parent","_children","_prefab","_lpos","_lrot","_euler"],2,1,9,4,5,5,5],["cc.RigidBody",["_group","_type","node","__prefab"],1,1,4],["cc.CompPrefabInfo",["fileId"],2],["cc.CylinderCollider",["_radius","_height","node","__prefab","_center","_material"],1,1,4,5,6],["cc.PrefabInfo",["fileId","instance","root","asset","targetOverrides","nestedPrefabInstanceRoots"],1,1,1,9,2],["cc.PrefabInfo",["fileId","targetOverrides","nestedPrefabInstanceRoots","root","instance","asset"],0,1,4,6],["cc.PrefabInfo",["fileId","instance","targetOverrides","nestedPrefabInstanceRoots","root","asset"],-1,1,1],["cc.TargetInfo",["localID"],2],["cc.PrefabInstance",["fileId","prefabRootNode","mountedComponents","propertyOverrides"],2,1,9,9],["cc.MountedComponentsInfo",["targetInfo","components"],3,4,9],["13e6aOjnEZLM5TxqqO1Jsmp",["node","__prefab"],3,1,4],["CCPropertyOverrideInfo",["value","propertyPath","targetInfo"],1,1],["CCPropertyOverrideInfo",["propertyPath","targetInfo","value"],2,1,8],["CCPropertyOverrideInfo",["propertyPath","targetInfo","value"],2,1,6],["CCPropertyOverrideInfo",["propertyPath","targetInfo","value"],2,1,1],["CCPropertyOverrideInfo",["value","propertyPath","targetInfo"],1,4],["cc.ModelBakeSettings",[],3],["cc.BoxCollider",["_isTrigger","node","__prefab","_material"],2,1,4,6],["2fcae5dKOhEQLaO0EDNB5+/",["node","__prefab"],3,1,4],["cc.Skeleton",["_name","_hash","_joints","_bindposes"],0,12],["cc.Material",["_name","_props","_defines"],0],["cc.SkeletalAnimation",["node","__prefab","_clips","_defaultClip"],3,1,4,3,6],["cc.SkinnedMeshRenderer",["node","__prefab","_materials","bakeSettings","_skinningRoot","_mesh","_skeleton"],3,1,4,3,4,1,6,6]],[[14,0,2],[13,0,1,2,3,4,5,5],[22,0,1,2,3],[0,0,6,5,3,4,7,8,2],[9,0,2],[18,0,1,2,3],[0,0,6,3,4,2],[20,0,1,2,2],[7,0,1,2,3,4,5,6,2],[23,1],[2,0,1,4,3],[6,0,1,2,3],[19,0,1,2,2],[8,0,1,2,3,3],[5,0,2,3,4,5,6,2],[2,3,2,0,1,4,5],[3,0,2],[3,1],[0,0,5,10,3,4,9,2],[0,1,2,6,3,3],[0,0,6,5,3,4,7,9,8,2],[0,0,5,3,4,7,8,2],[1,0,1,2,5,3,4,6,4],[1,0,1,2,5,3,4,7,8,6,9,4],[1,0,1,2,5,3,4,7,6,4],[1,0,10,3,4,2],[1,0,5,3,4,7,8,6,9,2],[10,0,1,2,3,4,5,3],[11,0,1,2,3,4,5,3],[12,0,1,2,3,4,5,4],[4,0,1,2,2],[4,0,3,1,2,2],[15,0,1,2,3,2],[16,0,1,1],[17,0,1,1],[21,0,1,2,2],[5,0,1,2,3,4,5,6,3],[24,0,1,2,3,2],[25,0,1,1],[26,0,1,2,3,4],[2,2,0,1,4,4],[27,0,1,2,4],[28,0,1,2,3,1],[29,0,1,2,3,4,5,6,1]],[[[[11,".bin",2489017538,[{"primitives":[{"primitiveMode":7,"vertexBundelIndices":[0],"indexView":{"offset":6776,"length":1200,"count":600,"stride":2}}],"vertexBundles":[{"view":{"offset":0,"length":6776,"count":121,"stride":56},"attributes":[{"name":"a_position","format":32,"isNormalized":false},{"name":"a_normal","format":32,"isNormalized":false},{"name":"a_texCoord","format":21,"isNormalized":false},{"name":"a_tangent","format":44,"isNormalized":false},{"name":"a_texCoord1","format":21,"isNormalized":false}]}]},"minPosition",8,[1,-5,0,-5],"maxPosition",8,[1,5,0,5]]],-1],0,0,[],[],[]],[[[11,".bin",2531713262,[{"primitives":[{"primitiveMode":7,"vertexBundelIndices":[0],"indexView":{"offset":1344,"length":72,"count":36,"stride":2}}],"vertexBundles":[{"view":{"offset":0,"length":1344,"count":24,"stride":56},"attributes":[{"name":"a_position","format":32,"isNormalized":false},{"name":"a_normal","format":32,"isNormalized":false},{"name":"a_texCoord","format":21,"isNormalized":false},{"name":"a_tangent","format":44,"isNormalized":false},{"name":"a_texCoord1","format":21,"isNormalized":false}]}]},"minPosition",8,[1,-0.5,-0.5,-0.5],"maxPosition",8,[1,0.5,0.5,0.5]]],-1],0,0,[],[],[]],[[[16,"gk_npc"],[18,"gk_npc",[-9,-10,-11,-12],[[[13,2,4,-6,[4,"4aAQ9yq15OE5Ul3PB5nFyW"]],[27,0.374,1.52,-7,[4,"9dNPscf3tH57jrfN3eX6Ku"],[1,0,0.674,0],14],-8],4,4,1],[28,"d8nNRADJhLoIw43aYs+s5e",null,-5,0,[[30,["anim"],-2,[0,["c8F2pKNqxT06fAugkxQidU"]]],[31,["anim"],-4,-3,[0,["c8F2pKNqxT06fAugkxQidU"]]]],[-1]],[1,0,0,4.835999965667725],[1,1.1,1.1,1.1]],[0,["c8F2pKNqxT06fAugkxQidU"]],[19,0,{},1,[29,"91vd1EDbZZ7pGcY3idytk+",null,null,-26,[32,"38CCdyWTND0KdcU1IVAc1f",1,[[33,[0,["91vd1EDbZZ7pGcY3idytk+"]],[[34,-25,[4,"14h4nXUglPQ6ZDORj8Are8"]]]]],[[5,"man",["_name"],-13],[12,["_lpos"],-14,[1,0,0,0]],[12,["_lrot"],-15,[3,0,0.7071067811865475,0,0.7071067811865476]],[12,["_euler"],-16,[1,0,90,0]],[5,6,["_clips","length"],2],[7,["_clips","1"],2,1],[7,["_clips","2"],2,2],[7,["_clips","3"],2,3],[5,true,["playOnLoad"],2],[7,["_materials","2"],-17,4],[35,["_skinningRoot"],-19,-18],[5,false,["_useBakedAnimation"],2],[7,["_clips","4"],2,5],[7,["_clips","5"],2,6],[5,8388608,["_layer"],-20],[2,8388608,["_layer"],[0,["97YmFDsBdecqG4zDN7xdva"]]],[2,8388608,["_layer"],[0,["9exSYZ9LRZmJEhGouXjznx"]]],[2,8388608,["_layer"],[0,["cfYv+cD99dD5JXTS90AqfI"]]],[2,8388608,["_layer"],[0,["1bjvrDGzVewpENX9ETRpEr"]]],[2,8388608,["_layer"],[0,["c60QrfbfhWFL9KK1a7O+xP"]]],[2,8388608,["_layer"],[0,["4d1anBvCtUdqdSmoqPYefl"]]],[2,8388608,["_layer"],[0,["edjaNOahRclrUS/BeAh8dh"]]],[2,8388608,["_layer"],[0,["3f5BRwe2pSyZbzObogd2/E"]]],[2,8388608,["_layer"],[0,["52Yrfd2MtTZ49kzYy5MJQ5"]]],[2,8388608,["_layer"],[0,["7eUDNcbBxet5WYKcfX1toU"]]],[2,8388608,["_layer"],[0,["dcho5QIINQnpeleTHdM37e"]]],[2,8388608,["_layer"],[0,["f223GFUbldFaBupq4S79Hz"]]],[2,8388608,["_layer"],[0,["1dSwKMnelSobP1RM8x0eao"]]],[2,8388608,["_layer"],[0,["4bKLnHNkxUGZP+dJzfHcXu"]]],[2,8388608,["_layer"],[0,["7eL0uKnLVXca9+zARNFoOZ"]]],[2,8388608,["_layer"],[0,["bdiZddg4hUWYZQU+m5Ble+"]]],[2,8388608,["_layer"],[0,["091w9PEGRVmaiSZODtyffN"]]],[2,8388608,["_layer"],[0,["c1Tbund25cepOMHEPIknbz"]]],[2,8388608,["_layer"],[0,["32scaEm5df1ZdkfziRTVLL"]]],[2,8388608,["_layer"],[0,["2bLq/DKQ9Zu6uU6bC9/27q"]]],[2,8388608,["_layer"],[0,["32dK/veCNVBLP17gNL6vok"]]],[2,8388608,["_layer"],[0,["c3/ZvGa4lQLJ9mWdbf5eIS"]]],[2,8388608,["_layer"],[0,["5bokKD9HxUKpl/jnsgMXpq"]]],[2,8388608,["_layer"],[0,["3ePeSZX29aLaKZdZ0Ad9fD"]]],[2,8388608,["_layer"],[0,["27UENey8pdg4BzQyQCyBB3"]]],[2,8388608,["_layer"],[0,["e1UC1sZDNTC4Zf1koe86n7"]]],[2,8388608,["_layer"],[0,["ea3mdzN+FUqYkRiaxrA8OD"]]],[2,8388608,["_layer"],[0,["5bei/0luBYxrXmKwHl5Oi1"]]],[5,true,["bakeSettings","_castShadow"],-21],[5,true,["bakeSettings","_bakeable"],-22],[5,1,["_shadowCastingMode"],-23],[5,0,["_shadowReceivingMode"],-24]]],0]],[0,["69iHZ+vXldCoXZj49FiCWp"]],[0,["91vd1EDbZZ7pGcY3idytk+"]],[22,"trigger",false,8388608,1,[[36,"Cube<ModelComponent>",false,-27,[4,"62jeBmzNxMN6nwy3OiWgln"],[9],[9],10],[37,true,-28,[4,"16AGBcmVNNBaVuX7XDU934"],11],[13,64,4,-29,[4,"28zUSyhbFBdYGkqzeNTUde"]]],[1,"31UT1jaShPFpZDjIpSTPyO",null,null,null,1,0],[1,8,1,10]],[23,"circle",false,8388608,1,[[14,"Plane<ModelComponent>",-30,[4,"81SXQ/hkZGe4tR1lo2zM5S"],[7],[9],8]],[1,"12SJ6uhjNEf7oOxURCdzDP",null,null,null,1,0],[1,0,0.02,0],[3,0,0.70710676908493,0,0.7071067932881648],[1,0.09999999657714588,1,0.09999999657714588],[1,0,89.99999803884896,0]],[24,"shadow",false,8388608,1,[[14,"Plane<ModelComponent>",-31,[4,"6a8DA1mT1IJZnjY9UfuHmX"],[12],[9],13]],[1,"2afoSRul5CGKqzVO9N5Q4m",null,null,null,1,0],[1,0,0.010000000000000009,0],[1,0.1,1,0.1]],[38,1,[4,"c8cwfZriJNM7MAzCHprucR"]]],0,[0,-1,3,0,8,3,0,8,3,0,11,9,0,5,1,0,1,1,0,1,1,0,-3,9,0,-1,3,0,-2,7,0,-3,6,0,-4,8,0,0,5,0,0,5,0,0,5,0,0,5,0,0,4,0,4,3,0,0,4,0,0,5,0,0,4,0,0,4,0,0,4,0,0,4,0,1,3,0,5,3,0,1,6,0,1,6,0,1,6,0,1,7,0,1,8,0,9,1,31],[0,0,0,0,0,0,0,0,0,0,0,0,0,0,0],[12,4,4,4,4,4,4,-1,6,-1,6,10,-1,6,10],[5,6,7,8,9,10,11,12,2,13,14,3,15,2,3]],[[[11,".bin",2899237555,[{"primitives":[{"primitiveMode":7,"jointMapIndex":0,"vertexBundelIndices":[0],"indexView":{"offset":34704,"length":972,"count":486,"stride":2}},{"primitiveMode":7,"jointMapIndex":0,"vertexBundelIndices":[1],"indexView":{"offset":55620,"length":588,"count":294,"stride":2}},{"primitiveMode":7,"jointMapIndex":0,"vertexBundelIndices":[2],"indexView":{"offset":81480,"length":708,"count":354,"stride":2}},{"primitiveMode":7,"jointMapIndex":0,"vertexBundelIndices":[3],"indexView":{"offset":85644,"length":96,"count":48,"stride":2}},{"primitiveMode":7,"jointMapIndex":0,"vertexBundelIndices":[4],"indexView":{"offset":86028,"length":12,"count":6,"stride":2}}],"vertexBundles":[{"view":{"offset":0,"length":34704,"count":482,"stride":72},"attributes":[{"name":"a_position","format":32,"isNormalized":false},{"name":"a_normal","format":32,"isNormalized":false},{"name":"a_texCoord","format":21,"isNormalized":false},{"name":"a_tangent","format":44,"isNormalized":false},{"name":"a_joints","format":42,"isNormalized":false},{"name":"a_weights","format":44,"isNormalized":false}]},{"view":{"offset":35676,"length":19944,"count":277,"stride":72},"attributes":[{"name":"a_position","format":32,"isNormalized":false},{"name":"a_normal","format":32,"isNormalized":false},{"name":"a_texCoord","format":21,"isNormalized":false},{"name":"a_tangent","format":44,"isNormalized":false},{"name":"a_joints","format":42,"isNormalized":false},{"name":"a_weights","format":44,"isNormalized":false}]},{"view":{"offset":56208,"length":25272,"count":351,"stride":72},"attributes":[{"name":"a_position","format":32,"isNormalized":false},{"name":"a_normal","format":32,"isNormalized":false},{"name":"a_texCoord","format":21,"isNormalized":false},{"name":"a_tangent","format":44,"isNormalized":false},{"name":"a_joints","format":42,"isNormalized":false},{"name":"a_weights","format":44,"isNormalized":false}]},{"view":{"offset":82188,"length":3456,"count":48,"stride":72},"attributes":[{"name":"a_position","format":32,"isNormalized":false},{"name":"a_normal","format":32,"isNormalized":false},{"name":"a_texCoord","format":21,"isNormalized":false},{"name":"a_tangent","format":44,"isNormalized":false},{"name":"a_joints","format":42,"isNormalized":false},{"name":"a_weights","format":44,"isNormalized":false}]},{"view":{"offset":85740,"length":288,"count":4,"stride":72},"attributes":[{"name":"a_position","format":32,"isNormalized":false},{"name":"a_normal","format":32,"isNormalized":false},{"name":"a_texCoord","format":21,"isNormalized":false},{"name":"a_tangent","format":44,"isNormalized":false},{"name":"a_joints","format":42,"isNormalized":false},{"name":"a_weights","format":44,"isNormalized":false}]}],"jointMaps":[[0,1,2,3,4,5,6,7,8,9,10,11,12,13,14,15,16,17,18,19,20,21]]},"minPosition",8,[1,-2.2156054973602295,-5.922484874725342,-3.2905220985412598],"maxPosition",8,[1,11.48379898071289,5.9370503425598145,0.008802256546914577]]],-1],0,0,[],[],[]],[[[39,"Skin-0",3485338814,["mixamorig:Hips/mixamorig:Spine/mixamorig:Spine1/mixamorig:Spine2/mixamorig:Neck","mixamorig:Hips/mixamorig:Spine/mixamorig:Spine1/mixamorig:Spine2/mixamorig:Neck/mixamorig:Head","mixamorig:Hips/mixamorig:Spine/mixamorig:Spine1/mixamorig:Spine2","mixamorig:Hips/mixamorig:Spine/mixamorig:Spine1/mixamorig:Spine2/mixamorig:RightShoulder","mixamorig:Hips/mixamorig:Spine/mixamorig:Spine1/mixamorig:Spine2/mixamorig:RightShoulder/mixamorig:RightArm","mixamorig:Hips","mixamorig:Hips/mixamorig:RightUpLeg","mixamorig:Hips/mixamorig:Spine","mixamorig:Hips/mixamorig:Spine/mixamorig:Spine1","mixamorig:Hips/mixamorig:RightUpLeg/mixamorig:RightLeg","mixamorig:Hips/mixamorig:Spine/mixamorig:Spine1/mixamorig:Spine2/mixamorig:RightShoulder/mixamorig:RightArm/mixamorig:RightForeArm","mixamorig:Hips/mixamorig:Spine/mixamorig:Spine1/mixamorig:Spine2/mixamorig:RightShoulder/mixamorig:RightArm/mixamorig:RightForeArm/mixamorig:RightHand","mixamorig:Hips/mixamorig:RightUpLeg/mixamorig:RightLeg/mixamorig:RightFoot","mixamorig:Hips/mixamorig:RightUpLeg/mixamorig:RightLeg/mixamorig:RightFoot/mixamorig:RightToeBase","mixamorig:Hips/mixamorig:Spine/mixamorig:Spine1/mixamorig:Spine2/mixamorig:LeftShoulder/mixamorig:LeftArm","mixamorig:Hips/mixamorig:Spine/mixamorig:Spine1/mixamorig:Spine2/mixamorig:LeftShoulder","mixamorig:Hips/mixamorig:LeftUpLeg","mixamorig:Hips/mixamorig:LeftUpLeg/mixamorig:LeftLeg","mixamorig:Hips/mixamorig:Spine/mixamorig:Spine1/mixamorig:Spine2/mixamorig:LeftShoulder/mixamorig:LeftArm/mixamorig:LeftForeArm","mixamorig:Hips/mixamorig:Spine/mixamorig:Spine1/mixamorig:Spine2/mixamorig:LeftShoulder/mixamorig:LeftArm/mixamorig:LeftForeArm/mixamorig:LeftHand","mixamorig:Hips/mixamorig:LeftUpLeg/mixamorig:LeftLeg/mixamorig:LeftFoot","mixamorig:Hips/mixamorig:LeftUpLeg/mixamorig:LeftLeg/mixamorig:LeftFoot/mixamorig:LeftToeBase"],[[[7,-0.0330275259912014,-0.9994544982910156,-6.123676572942984e-16,0,1.6539036579079486e-14,6.61602347325961e-17,-1,0,0.9994544982910156,-0.0330275259912014,1.6527828639121417e-14,0,1.7227975130081177,2.487358808517456,0.0072827525436878204,1],[7,-0.0330275259912014,-0.9994544982910156,-6.123676572942984e-16,0,1.6539036579079486e-14,6.61602347325961e-17,-1,0,0.9994544982910156,-0.0330275259912014,1.6527828639121417e-14,0,1.3838310241699219,1.2179679870605469,0.007282753009349108,1],[7,-0.029482584446668625,-0.9995653033256531,-5.91736899314499e-16,0,1.6275505994463833e-14,1.1194154496852338e-16,-1,0,0.9995653033256531,-0.029482584446668625,1.6265131534925863e-14,0,1.7139647006988525,3.67744517326355,0.007282753940671682,1],[7,-0.02952408790588379,0.28785696625709534,0.9572182297706604,0,0.0018052078085020185,-0.9576187133789062,0.2880330979824066,0,0.9995624423027039,0.010231892578303814,0.027753178030252457,0,1.7141016721725464,-1.3726049661636353,-2.377260446548462,1],[7,-0.03104742243885994,0.060000061988830566,0.9977154731750488,0,0.006874262820929289,-0.998160183429718,0.0602407269179821,0,0.9994942545890808,0.008728877641260624,0.030577845871448517,0,1.7284196615219116,-2.081652879714966,-2.934227228164673,1],[7,-0.0330275259912014,-0.9994544982910156,-6.123676572942984e-16,0,1.6539036579079486e-14,6.61602347325961e-17,-1,0,0.9994544982910156,-0.0330275259912014,1.6527828639121417e-14,0,1.7367948293685913,6.433973789215088,0.0072827525436878204,1],[7,0.028375543653964996,0.9979488849639893,-0.0573837049305439,0,0.0002676602452993393,-0.05741439759731293,-0.9983504414558411,0,-0.9995972514152527,0.028313377872109413,-0.0018962762551382184,0,-1.684626579284668,-6.938490390777588,-0.785638689994812,1],[7,-0.029482591897249222,-0.9995653033256531,-5.948158111382092e-16,0,1.621306780778993e-14,1.168633357876629e-16,-1,0,0.9995653033256531,-0.029482591897249222,1.6202574763639344e-14,0,1.713964819908142,5.6507649421691895,0.0072827525436878204,1],[7,-0.029482584446668625,-0.9995653033256531,-5.91736899314499e-16,0,1.6275505994463833e-14,1.1194154496852338e-16,-1,0,0.9995653033256531,-0.029482584446668625,1.6265131534925863e-14,0,1.7139647006988525,4.72988224029541,0.007282752078026533,1],[7,0.043085306882858276,0.997732400894165,0.05170787498354912,0,-0.0005788340931758285,0.05178084969520569,-0.998658299446106,0,-0.9990712404251099,0.0429975688457489,0.0028085154481232166,0,-1.8186511993408203,-8.937488555908203,-1.7706539630889893,1],[7,-0.030218007043004036,0.026515426114201546,0.9991916418075562,0,-0.006875527556985617,-0.9996299147605896,0.026319127529859543,0,0.9995197057723999,-0.006074657663702965,0.03038913384079933,0,1.6748054027557373,-3.8019590377807617,-3.0650687217712402,1],[7,-0.030218007043004036,0.026515426114201546,0.9991916418075562,0,-0.006875527556985617,-0.9996299147605896,0.026319127529859543,0,0.9995197057723999,-0.006074657663702965,0.03038913384079933,0,1.6748054027557373,-5.312708377838135,-3.065068244934082,1],[7,0.05519640073180199,0.7141148447990417,-0.6978491544723511,0,-0.9950639009475708,-0.01838521473109722,-0.09751836210489273,0,-0.0824694111943245,0.6997870802879333,0.7095751166343689,0,-1.9194096326828003,-6.680161476135254,8.28171443939209,1],[7,-0.021396147087216377,-0.031114814803004265,-0.9992868304252625,0,-0.9997612833976746,-0.003765072673559189,0.02152353711426258,0,-0.004432088229805231,0.999508798122406,-0.031026827171444893,0,-1.0028761625289917,1.0067455768585205,11.370549201965332,1],[7,0.029074115678668022,0.06027136743068695,0.9977584481239319,0,-0.0011933203786611557,0.9981818795204163,-0.06026215851306915,0,-0.9995765089988708,0.0005614235997200012,0.029093177989125252,0,-1.7098573446273804,-2.1103086471557617,-2.9358580112457275,1],[7,0.029524125158786774,0.28790462017059326,0.9572038650512695,0,0.0003033629327546805,0.9576187133789062,-0.2880387306213379,0,-0.9995640516281128,0.008794472552835941,0.028185514733195305,0,-1.714119791984558,-1.3890312910079956,-2.372319221496582,1],[7,0.030287424102425575,0.9978926777839661,0.0573837012052536,0,-0.00015766180877108127,0.05741480365395546,-0.9983504414558411,0,-0.9995412230491638,0.03022841550409794,0.0018962762551382184,0,-1.6877062320709229,-6.936058521270752,0.8001803159713745,1],[7,-0.024915866553783417,0.9983570575714111,-0.05159863457083702,0,-0.0033309359569102526,-0.051697276532649994,-0.9986572861671448,0,-0.9996840357780457,-0.02471053972840309,0.004613546188920736,0,-1.1821022033691406,-9.038360595703125,1.7947118282318115,1],[7,0.02938271313905716,0.026160134002566338,0.9992258548736572,0,0.003923837095499039,0.999646782875061,-0.02628653310239315,0,-0.999560534954071,0.004693169612437487,0.029269685968756676,0,-1.7298742532730103,-3.7981019020080566,-3.0667781829833984,1],[7,0.02938271313905716,0.026160134002566338,0.9992258548736572,0,0.003923837095499039,0.999646782875061,-0.02628653310239315,0,-0.999560534954071,0.004693169612437487,0.029269685968756676,0,-1.7298742532730103,-5.308825969696045,-3.0667777061462402,1],[7,-0.04990306496620178,0.6706331372261047,-0.7401087284088135,0,-0.996408224105835,0.017329398542642593,0.08288714289665222,0,0.06841249763965607,0.7415867447853088,0.6673595905303955,0,1.8665037155151367,-6.092629432678223,8.75507640838623,1],[7,0.021024636924266815,-0.031034978106617928,-0.9992972016334534,0,-0.9997695088386536,0.0036957983393222094,-0.021149352192878723,0,0.004349570721387863,0.9995114803314209,-0.030950121581554413,0,1.0216323137283325,1.0109387636184692,11.370647430419922,1]],8,8,8,8,8,8,8,8,8,8,8,8,8,8,8,8,8,8,8,8,8,8]]],0,0,[],[],[]],[[[40,1,[{"rasterizerState":{},"depthStencilState":{},"blendState":{"targets":[{}]}},{"rasterizerState":{},"depthStencilState":{},"blendState":{"targets":[{}]}},{"rasterizerState":{},"depthStencilState":{},"blendState":{"targets":[{}]}},{"rasterizerState":{},"depthStencilState":{},"blendState":{"targets":[{}]}},{"rasterizerState":{},"depthStencilState":{},"blendState":{"targets":[{}]}}],[{"USE_INSTANCING":true,"USE_ALBEDO_MAP":true},{},{},{},{}],[[[{},"mainColor",8,[4,4294508024],"mainTexture",6,0],{},{},{},{}],11,0,0,0,0]]],0,0,[0,0],[7,2],[16,0]],[[[10,[{"rasterizerState":{},"depthStencilState":{},"blendState":{"targets":[{}]}},{"rasterizerState":{},"depthStencilState":{},"blendState":{"targets":[{}]}},{"rasterizerState":{},"depthStencilState":{},"blendState":{"targets":[{}]}},{"rasterizerState":{},"depthStencilState":{},"blendState":{"targets":[{}]}},{"rasterizerState":{},"depthStencilState":{},"blendState":{"targets":[{}]}},{"rasterizerState":{},"depthStencilState":{},"blendState":{"targets":[{}]}}],[{"USE_INSTANCING":true},{},{},{},{},{}],[[[{},"mainColor",8,[4,4278204652]],{},{},{},{},{}],11,0,0,0,0,0]]],0,0,[0],[2],[0]],[[[10,[{"rasterizerState":{},"depthStencilState":{},"blendState":{"targets":[{}]}},{"rasterizerState":{},"depthStencilState":{},"blendState":{"targets":[{}]}},{"rasterizerState":{},"depthStencilState":{},"blendState":{"targets":[{}]}},{"rasterizerState":{},"depthStencilState":{},"blendState":{"targets":[{}]}},{"rasterizerState":{},"depthStencilState":{},"blendState":{"targets":[{}]}},{"rasterizerState":{},"depthStencilState":{},"blendState":{"targets":[{}]}}],[{"USE_INSTANCING":true},{},{},{},{},{}],[[[{},"mainColor",8,[4,4294835709]],{},{},{},{},{}],11,0,0,0,0,0]]],0,0,[0],[2],[0]],[[[10,[{"rasterizerState":{},"depthStencilState":{},"blendState":{"targets":[{}]}},{"rasterizerState":{},"depthStencilState":{},"blendState":{"targets":[{}]}},{"rasterizerState":{},"depthStencilState":{},"blendState":{"targets":[{}]}},{"rasterizerState":{},"depthStencilState":{},"blendState":{"targets":[{}]}},{"rasterizerState":{},"depthStencilState":{},"blendState":{"targets":[{}]}},{"rasterizerState":{},"depthStencilState":{},"blendState":{"targets":[{}]}}],[{"USE_INSTANCING":true},{},{},{},{},{}],[[[{},"mainColor",8,[4,4291484408]],{},{},{},{},{}],11,0,0,0,0,0]]],0,0,[0],[2],[0]],[[[17],[25,"man1_idle",[[[6,"Dummy Prop Head",-4,[1,"97YmFDsBdecqG4zDN7xdva",null,null,null,-3,0],[1,0.005607688799500465,1.2000000476837158,0.011443129740655422]],[6,"Dummy Prop Back",-6,[1,"9exSYZ9LRZmJEhGouXjznx",null,null,null,-5,0],[1,0.0054684286005795,0.800000011920929,0.011442930437624454]],-7,-8],4,4,1,1],[[42,-2,[4,"c8F2pKNqxT06fAugkxQidU"],[7],8]],[1,"91vd1EDbZZ7pGcY3idytk+",null,null,null,-1,0]],[20,"mixamorig:Hips",1,[-9,-10,-11],[1,"1bjvrDGzVewpENX9ETRpEr",null,null,null,1,0],[1,-0.02094603329896927,0.4808543026447296,0.011556351557374],[3,-0.010468338788726354,-0.0003095517218840319,0.02956141766453628,0.9995080993400698],[1,0.10000000149011612,0.10000000149011612,0.10000000149011612],[1,-1.2001299492972073,0.000006828070175180416,3.388168304641664]],[21,"mixamorig:Spine2",[-12,-13,-14],[1,"dcho5QIINQnpeleTHdM37e",null,null,null,1,0],[1,3.552713599391162e-17,1.0524377822875977,0],[3,0.004607023277352162,-0.02848667323247432,-0.014850854173603326,0.9994732297140242],[1,0.47939038644919274,-3.257988625761803,-1.7161815490960577]],[26,"Plane001",1,[[43,-15,[4,"69iHZ+vXldCoXZj49FiCWp"],[0,1,2,3,4],[9],1,5,6]],[1,"cfYv+cD99dD5JXTS90AqfI",null,null,null,1,0],[1,0.16794443130493164,1.1412873268127441,0.004549075849354267],[3,0.49167383771814993,-0.5081897486978881,0.5081898679071802,-0.4916737483111808],[1,0.10000000149011612,0.10000000149011612,0.10000000149011612],[1,90.00036270967367,-179.99963899810666,-88.10731800533267]],[3,"mixamorig:Spine",2,[-16],[1,"c60QrfbfhWFL9KK1a7O+xP",null,null,null,1,0],[1,0.0027994345873594284,0.7893240451812744,-3.552713599391162e-17],[3,0.0015878099055064497,-0.0034127084655251752,-0.014380540944252292,0.9998895100573783],[1,0.17637902829160002,-0.38857165017118206,-1.6485549274561102]],[3,"mixamorig:Spine1",5,[3],[1,"3f5BRwe2pSyZbzObogd2/E",null,null,null,1,0],[1,5.7220457705398076e-8,0.920881986618042,-3.814697180359872e-8],[3,0.0039228439362576405,-0.02859339560714071,-0.015017210874493413,0.9994706160766591],[1,0.4002683570438899,-3.27134928614696,-1.7330523110597404]],[3,"mixamorig:Neck",3,[-17],[1,"4bKLnHNkxUGZP+dJzfHcXu",null,null,null,1,0],[1,-7.629394360719743e-8,1.1839935779571533,-9.53674295089968e-9],[3,-0.011214302566670909,0.018483301153143318,-0.00978383303806893,0.9997184021550811],[1,-1.2643349790451368,2.1057551459444515,-1.1446573432124694]],[8,"mixamorig:Head",7,[[6,"mixamorig:HeadTop_End",-18,[1,"3ePeSZX29aLaKZdZ0Ad9fD",null,null,null,1,0],[1,0.9168843030929565,3.4336278438568115,7.629394360719743e-8]]],[1,"32scaEm5df1ZdkfziRTVLL",null,null,null,1,0],[1,0.3389662504196167,1.2693915367126465,1.907348590179936e-8],[3,0.03185791577629204,0.007619500758295129,-0.018540732884754677,0.9992913777445901],[1,3.6692098737183594,0.9408690446061515,-2.0957571243832662]],[3,"mixamorig:LeftShoulder",3,[-19],[1,"7eL0uKnLVXca9+zARNFoOZ",null,null,null,1,0],[1,0.00015235900355037302,1.0055011510849,-0.6400798559188843],[3,0.03630634073249055,-0.5764598923457762,0.8159064759550841,0.025931923065365323],[1,109.51435929829394,-174.88571694444352,0.02622710879466953]],[3,"mixamorig:LeftArm",9,[-20],[1,"2bLq/DKQ9Zu6uU6bC9/27q",null,null,null,1,0],[1,0,1.3368033170700073,-6.103515488575795e-7],[3,0.45636623294907797,0.22922063960672917,0.11291166941353803,0.8523137419474109],[1,52.46272379335635,18.308627421800796,23.683837005096688]],[8,"mixamorig:LeftForeArm",10,[[6,"mixamorig:LeftHand",-21,[1,"ea3mdzN+FUqYkRiaxrA8OD",null,null,null,1,0],[1,4.2632563192693945e-16,1.5107232332229614,0]]],[1,"27UENey8pdg4BzQyQCyBB3",null,null,null,1,0],[1,2.8421708795129297e-16,1.7986925840377808,-3.0517577442878974e-7],[3,-0.0009522369470386407,-0.000042439369753966734,0.24781441964682713,0.9688070524406823],[1,-0.11914312196653319,0.025456229957237415,28.696426907860218]],[3,"mixamorig:RightShoulder",3,[-22],[1,"bdiZddg4hUWYZQU+m5Ble+",null,null,null,1,0],[1,0.0011136627290397882,1.0055047273635864,0.64007967710495],[3,0.8249015368989809,0.021648342201683705,-0.04801428781895978,0.562817405440571],[1,111.44434405110816,5.946492682185914,-1.0503507598304678]],[3,"mixamorig:RightArm",12,[-23],[1,"32dK/veCNVBLP17gNL6vok",null,null,null,1,0],[1,-7.629394360719743e-8,1.3368027210235596,0],[3,0.427442725679225,-0.18077240723854374,-0.09427920645241708,0.8807527940777705],[1,49.36905960093205,-14.541938398338377,-18.700003591980735]],[8,"mixamorig:RightForeArm",13,[[6,"mixamorig:RightHand",-24,[1,"5bei/0luBYxrXmKwHl5Oi1",null,null,null,1,0],[1,7.629394360719743e-8,1.5107494592666626,-6.103515488575795e-7]]],[1,"e1UC1sZDNTC4Zf1koe86n7",null,null,null,1,0],[1,0,1.7987316846847534,0],[3,-0.0006879958121745726,-0.00011230565773655404,-0.2801191223141305,0.9599649948634392],[1,-0.09404614781732115,-0.040848766558929814,-32.534608713708145]],[3,"mixamorig:LeftUpLeg",2,[-25],[1,"4d1anBvCtUdqdSmoqPYefl",null,null,null,1,0],[1,0.0300485510379076,-0.4400472939014435,-1.1895439624786377],[3,0.04105076504875477,-0.06671214748872345,0.996369227750061,-0.033356949187568756],[1,172.49922970383497,-175.55202787117906,-4.125930122234327]],[3,"mixamorig:LeftLeg",15,[-26],[1,"52Yrfd2MtTZ49kzYy5MJQ5",null,null,null,1,0],[1,-7.629394360719743e-8,2.164583444595337,-4.577636616431846e-7],[3,0.025879477822997984,-0.07714793753882156,-0.3021114140308867,0.9497932100585755],[1,0.17872517063977675,-9.230559398978897,-35.30155935930765]],[3,"mixamorig:LeftFoot",16,[-27],[1,"f223GFUbldFaBupq4S79Hz",null,null,null,1,0],[1,-1.9073486612342094e-7,1.5746963024139404,3.0517577442878974e-7],[3,0.44755640488566806,-0.6294041256657202,0.3871763634717436,0.5036250337399666],[1,72.29094493956762,-95.36654831190293,-9.985810262033407]],[8,"mixamorig:LeftToeBase",17,[[6,"mixamorig:LeftToe_End",-28,[1,"c3/ZvGa4lQLJ9mWdbf5eIS",null,null,null,1,0],[1,0,0.44534537196159363,4.76837147544984e-9]]],[1,"091w9PEGRVmaiSZODtyffN",null,null,null,1,0],[1,3.0517577442878974e-7,1.064335823059082,-2.288818308215923e-7],[3,0.37449375081668157,0.044316482138169175,-0.017906712505222428,0.9259966682755428],[1,44.03893686228769,5.479277386798187,0.0016832926285751332]],[3,"mixamorig:RightUpLeg",2,[-29],[1,"edjaNOahRclrUS/BeAh8dh",null,null,null,1,0],[1,0.019840240478515625,-0.4400482177734375,1.1895437240600586],[3,-0.07387739313642956,0.06730033360448047,0.9943110799779927,-0.03685474342725656],[1,-172.59763498133555,171.81048300114745,-4.774486712953718]],[3,"mixamorig:RightLeg",19,[-30],[1,"7eUDNcbBxet5WYKcfX1toU",null,null,null,1,0],[1,0,2.1645984649658203,0],[3,-0.037635731746508284,0.017214584777461767,-0.25735198975775286,0.9654310763252703],[1,-4.2203562656504205,0.9164278766369897,-29.881445740854993]],[3,"mixamorig:RightFoot",20,[-31],[1,"1dSwKMnelSobP1RM8x0eao",null,null,null,1,0],[1,1.1444091541079615e-7,1.5721615552902222,2.8421708795129297e-16],[3,0.34062712990589183,-0.5576513345105187,0.40304335485562615,0.6407450363424081],[1,63.43258894723425,-86.92373957046793,7.850786579598475]],[8,"mixamorig:RightToeBase",21,[[6,"mixamorig:RightToe_End",-32,[1,"5bokKD9HxUKpl/jnsgMXpq",null,null,null,1,0],[1,0,0.4378211200237274,-9.53674295089968e-9]]],[1,"c1Tbund25cepOMHEPIknbz",null,null,null,1,0],[1,3.0517577442878974e-7,1.0034421682357788,1.1444091541079615e-7],[3,0.40309064905225234,-0.05003904839985472,0.022051311660020872,0.9135249104079997],[1,47.6185448415572,-6.269269710881154,-0.0029621905250301057]]],0,[0,5,1,0,1,1,0,5,1,0,3,1,0,5,1,0,3,1,0,-3,4,0,-4,2,0,-1,5,0,-2,15,0,-3,19,0,-1,7,0,-2,9,0,-3,12,0,1,4,0,-1,6,0,-1,8,0,3,8,0,-1,10,0,-1,11,0,3,11,0,-1,13,0,-1,14,0,3,14,0,-1,16,0,-1,17,0,-1,18,0,3,18,0,-1,20,0,-1,21,0,-1,22,0,3,22,0,9,1,3,3,6,32],[0,0,0,0,0,0,0,0,0],[-1,-2,-3,-4,-5,6,13,-1,14],[17,18,19,20,21,22,23,4,4]],[[[10,[{"rasterizerState":{},"depthStencilState":{},"blendState":{"targets":[{}]}},{"rasterizerState":{},"depthStencilState":{},"blendState":{"targets":[{}]}},{"rasterizerState":{},"depthStencilState":{},"blendState":{"targets":[{}]}},{"rasterizerState":{},"depthStencilState":{},"blendState":{"targets":[{}]}},{"rasterizerState":{},"depthStencilState":{},"blendState":{"targets":[{}]}},{"rasterizerState":{},"depthStencilState":{},"blendState":{"targets":[{}]}}],[{"USE_INSTANCING":true},{},{},{},{},{}],[[[{},"mainColor",8,[4,4278190080]],{},{},{},{},{}],11,0,0,0,0,0]]],0,0,[0],[2],[0]],[[[15,"shadow",1,[{"rasterizerState":{},"depthStencilState":{},"blendState":{"targets":[{}]}},{"rasterizerState":{},"depthStencilState":{},"blendState":{"targets":[{}]}},{"rasterizerState":{},"depthStencilState":{},"blendState":{"targets":[{}]}},{"rasterizerState":{},"depthStencilState":{},"blendState":{"targets":[{}]}},{"rasterizerState":{},"depthStencilState":{},"blendState":{"targets":[{}]}}],[{"USE_ALBEDO_MAP":true},{},{},{},{}],[[[{},"mainColor",8,[4,4278190080],"mainTexture",6,0],{},{},{},{}],11,0,0,0,0]]],0,0,[0,0],[7,2],[24,1]],[[[15,"circle","1",[{"rasterizerState":{},"depthStencilState":{},"blendState":{"targets":[{}]}},{"rasterizerState":{},"depthStencilState":{},"blendState":{"targets":[{}]}},{"rasterizerState":{},"depthStencilState":{},"blendState":{"targets":[{}]}},{"rasterizerState":{},"depthStencilState":{},"blendState":{"targets":[{}]}},{"rasterizerState":{},"depthStencilState":{},"blendState":{"targets":[{}]}}],[{"USE_ALBEDO_MAP":true},{},{},{},{}],[[[{},"mainColor",8,[4,3372220415],"emissive",8,[4,4278190335],"emissiveScale",8,[1,2,2,2],"mainTexture",6,0],{},{},{},{}],11,0,0,0,0]]],0,0,[0,0],[7,2],[25,1]],[[[41,"default-material",[{"roughness":0.8,"metallic":0.6}],[{}]]],0,0,[0],[2],[1]]]]
