[1,["f6SJZOjTJB/JrJeh5xTdF7","1brw/JvvpFnIvdrxpFCgMZ","9bcNktSUVNr5GY6s6lXYDs@73b7f","a0RIz9LVJKubtxe/0etQyd@6c48a","9bcNktSUVNr5GY6s6lXYDs@c4114","9bcNktSUVNr5GY6s6lXYDs@db4d2","9bcNktSUVNr5GY6s6lXYDs@59253","9bcNktSUVNr5GY6s6lXYDs@6363a","9bcNktSUVNr5GY6s6lXYDs@566ed","9bcNktSUVNr5GY6s6lXYDs@2f8d2","9bcNktSUVNr5GY6s6lXYDs@438fe","9bcNktSUVNr5GY6s6lXYDs@b31f4","9bcNktSUVNr5GY6s6lXYDs@515b9","9bcNktSUVNr5GY6s6lXYDs@8b1ef"],["_parent","_effectAsset","root","node","_mesh","mainTexture","data","_skeleton","_defaultClip"],[["cc.Node",["_name","_prefab","_parent","_lpos","_lrot","_euler","_components","_lscale","_children"],2,4,1,5,5,5,9,5,12],["cc.Material",["_states","_defines","_techIdx","_name","_props"],-1,12],["cc.Node",["_name","_children","_prefab","_lpos","_lrot","_euler","_parent","_lscale"],2,2,4,5,5,5,1,5],["cc.Mesh",["_native","_hash","_struct"],1,11],["cc.Skeleton",["_name","_hash","_joints","_bindposes"],0,12],["cc.Prefab",[],3],["cc.Node",["_name","_parent","_children","_prefab","_lpos","_lrot","_euler"],2,1,9,4,5,5,5],["cc.PrefabInfo",["fileId","instance","targetOverrides","nestedPrefabInstanceRoots","root","asset"],-1,1,1],["cc.SkeletalAnimation",["node","__prefab","_clips","_defaultClip"],3,1,4,3,6],["cc.CompPrefabInfo",["fileId"],2],["cc.SkinnedMeshRenderer",["node","__prefab","_materials","bakeSettings","_skinningRoot","_mesh","_skeleton"],3,1,4,3,4,1,6,6],["cc.ModelBakeSettings",[],3],["cc.MeshRenderer",["node","__prefab","_materials","bakeSettings","_mesh"],3,1,4,3,4,6]],[[7,0,1,2,3,4,5,5],[2,0,6,1,2,3,4,5,2],[0,0,2,1,3,2],[6,0,1,2,3,4,5,6,2],[1,0,1,4,3],[1,3,0,1,4,4],[9,0,2],[3,0,1,2,3],[0,0,2,1,3,4,5,2],[0,0,2,6,1,3,4,7,5,2],[11,1],[4,0,1,2,3,4],[1,2,0,1,4,4],[5,1],[0,0,8,6,1,2],[0,0,2,1,3,4,7,5,2],[2,0,6,1,2,3,4,7,5,2],[2,0,1,2,3,4,5,2],[8,0,1,2,3,1],[10,0,1,2,3,4,5,6,1],[12,0,1,2,3,4,1]],[[[[7,".bin",256661681,[{"primitives":[{"primitiveMode":7,"jointMapIndex":0,"vertexBundelIndices":[0],"indexView":{"offset":34704,"length":972,"count":486,"stride":2}},{"primitiveMode":7,"jointMapIndex":0,"vertexBundelIndices":[1],"indexView":{"offset":55620,"length":588,"count":294,"stride":2}},{"primitiveMode":7,"jointMapIndex":0,"vertexBundelIndices":[2],"indexView":{"offset":81480,"length":708,"count":354,"stride":2}},{"primitiveMode":7,"jointMapIndex":0,"vertexBundelIndices":[3],"indexView":{"offset":85644,"length":96,"count":48,"stride":2}},{"primitiveMode":7,"jointMapIndex":0,"vertexBundelIndices":[4],"indexView":{"offset":86028,"length":12,"count":6,"stride":2}}],"vertexBundles":[{"view":{"offset":0,"length":34704,"count":482,"stride":72},"attributes":[{"name":"a_position","format":32,"isNormalized":false},{"name":"a_normal","format":32,"isNormalized":false},{"name":"a_texCoord","format":21,"isNormalized":false},{"name":"a_tangent","format":44,"isNormalized":false},{"name":"a_joints","format":42,"isNormalized":false},{"name":"a_weights","format":44,"isNormalized":false}]},{"view":{"offset":35676,"length":19944,"count":277,"stride":72},"attributes":[{"name":"a_position","format":32,"isNormalized":false},{"name":"a_normal","format":32,"isNormalized":false},{"name":"a_texCoord","format":21,"isNormalized":false},{"name":"a_tangent","format":44,"isNormalized":false},{"name":"a_joints","format":42,"isNormalized":false},{"name":"a_weights","format":44,"isNormalized":false}]},{"view":{"offset":56208,"length":25272,"count":351,"stride":72},"attributes":[{"name":"a_position","format":32,"isNormalized":false},{"name":"a_normal","format":32,"isNormalized":false},{"name":"a_texCoord","format":21,"isNormalized":false},{"name":"a_tangent","format":44,"isNormalized":false},{"name":"a_joints","format":42,"isNormalized":false},{"name":"a_weights","format":44,"isNormalized":false}]},{"view":{"offset":82188,"length":3456,"count":48,"stride":72},"attributes":[{"name":"a_position","format":32,"isNormalized":false},{"name":"a_normal","format":32,"isNormalized":false},{"name":"a_texCoord","format":21,"isNormalized":false},{"name":"a_tangent","format":44,"isNormalized":false},{"name":"a_joints","format":42,"isNormalized":false},{"name":"a_weights","format":44,"isNormalized":false}]},{"view":{"offset":85740,"length":288,"count":4,"stride":72},"attributes":[{"name":"a_position","format":32,"isNormalized":false},{"name":"a_normal","format":32,"isNormalized":false},{"name":"a_texCoord","format":21,"isNormalized":false},{"name":"a_tangent","format":44,"isNormalized":false},{"name":"a_joints","format":42,"isNormalized":false},{"name":"a_weights","format":44,"isNormalized":false}]}],"jointMaps":[[0,1,2,3,4,5,6,7,8,9,10,11,12,13,14,15,16,17,18,19,20,21]]},"minPosition",8,[1,-2.2156054973602295,-5.922484874725342,-3.2905220985412598],"maxPosition",8,[1,11.48379898071289,5.9370503425598145,0.008802256546914577]]],-1],0,0,[],[],[]],[[[11,"Skin-0",3288602214,["mixamorig:Hips/mixamorig:Spine/mixamorig:Spine1/mixamorig:Spine2/mixamorig:Neck","mixamorig:Hips/mixamorig:Spine/mixamorig:Spine1/mixamorig:Spine2/mixamorig:Neck/mixamorig:Head","mixamorig:Hips/mixamorig:Spine/mixamorig:Spine1/mixamorig:Spine2","mixamorig:Hips/mixamorig:Spine/mixamorig:Spine1/mixamorig:Spine2/mixamorig:RightShoulder","mixamorig:Hips/mixamorig:Spine/mixamorig:Spine1/mixamorig:Spine2/mixamorig:RightShoulder/mixamorig:RightArm","mixamorig:Hips","mixamorig:Hips/mixamorig:RightUpLeg","mixamorig:Hips/mixamorig:Spine","mixamorig:Hips/mixamorig:Spine/mixamorig:Spine1","mixamorig:Hips/mixamorig:RightUpLeg/mixamorig:RightLeg","mixamorig:Hips/mixamorig:RightUpLeg/mixamorig:RightLeg/mixamorig:RightFoot","mixamorig:Hips/mixamorig:Spine/mixamorig:Spine1/mixamorig:Spine2/mixamorig:RightShoulder/mixamorig:RightArm/mixamorig:RightForeArm","mixamorig:Hips/mixamorig:Spine/mixamorig:Spine1/mixamorig:Spine2/mixamorig:RightShoulder/mixamorig:RightArm/mixamorig:RightForeArm/mixamorig:RightHand","mixamorig:Hips/mixamorig:RightUpLeg/mixamorig:RightLeg/mixamorig:RightFoot/mixamorig:RightToeBase","mixamorig:Hips/mixamorig:Spine/mixamorig:Spine1/mixamorig:Spine2/mixamorig:LeftShoulder/mixamorig:LeftArm","mixamorig:Hips/mixamorig:Spine/mixamorig:Spine1/mixamorig:Spine2/mixamorig:LeftShoulder","mixamorig:Hips/mixamorig:LeftUpLeg","mixamorig:Hips/mixamorig:LeftUpLeg/mixamorig:LeftLeg","mixamorig:Hips/mixamorig:Spine/mixamorig:Spine1/mixamorig:Spine2/mixamorig:LeftShoulder/mixamorig:LeftArm/mixamorig:LeftForeArm","mixamorig:Hips/mixamorig:Spine/mixamorig:Spine1/mixamorig:Spine2/mixamorig:LeftShoulder/mixamorig:LeftArm/mixamorig:LeftForeArm/mixamorig:LeftHand","mixamorig:Hips/mixamorig:LeftUpLeg/mixamorig:LeftLeg/mixamorig:LeftFoot","mixamorig:Hips/mixamorig:LeftUpLeg/mixamorig:LeftLeg/mixamorig:LeftFoot/mixamorig:LeftToeBase"],[[[7,-0.0330275259912014,-0.9994544982910156,-1.0893776761421262e-16,0,4.5019309867456656e-15,-3.977157177048862e-17,-1,0,0.9994544982910156,-0.0330275259912014,4.5007883392998195e-15,0,1.7227975130081177,2.487358808517456,0.007282753009349108,1],[7,-0.0330275259912014,-0.9994544982910156,-1.0893776761421262e-16,0,4.5019309867456656e-15,-3.977157177048862e-17,-1,0,0.9994544982910156,-0.0330275259912014,4.5007883392998195e-15,0,1.3838310241699219,1.2179679870605469,0.007282752078026533,1],[7,-0.029482584446668625,-0.9995653033256531,-1.5616925119539847e-16,0,4.500682460181413e-15,2.348770581229829e-17,-1,0,0.9995653033256531,-0.029482584446668625,4.4980337881553485e-15,0,1.7139647006988525,3.6774444580078125,0.007282753475010395,1],[7,-0.02952408790588379,0.2878570258617401,0.9572182297706604,0,0.0018052076920866966,-0.957618772983551,0.2880331575870514,0,0.9995624423027039,0.010231893509626389,0.027753178030252457,0,1.7141016721725464,-1.3726050853729248,-2.377260208129883,1],[7,-0.03104742243885994,0.060000061988830566,0.997715413570404,0,0.006874262820929289,-0.998160183429718,0.0602407269179821,0,0.9994942545890808,0.008728877641260624,0.030577845871448517,0,1.7284196615219116,-2.081652879714966,-2.934227705001831,1],[7,-0.0330275259912014,-0.9994544982910156,-1.0893776761421262e-16,0,4.5019309867456656e-15,-3.977157177048862e-17,-1,0,0.9994544982910156,-0.0330275259912014,4.5007883392998195e-15,0,1.7367948293685913,6.433973789215088,0.0072827525436878204,1],[7,0.028375543653964996,0.9979488849639893,-0.0573837049305439,0,0.0002676602452993393,-0.05741439759731293,-0.9983504414558411,0,-0.9995972514152527,0.028313377872109413,-0.0018962762551382184,0,-1.684626579284668,-6.938490390777588,-0.7856387495994568,1],[7,-0.029482591897249222,-0.9995653033256531,-1.5626605117940187e-16,0,4.501358392473322e-15,2.3564580669706518e-17,-1,0,0.9995653033256531,-0.029482591897249222,4.498707179348416e-15,0,1.713964819908142,5.650764465332031,0.007282753009349108,1],[7,-0.029482584446668625,-0.9995653033256531,-1.5616925119539847e-16,0,4.500682460181413e-15,2.348770581229829e-17,-1,0,0.9995653033256531,-0.029482584446668625,4.4980337881553485e-15,0,1.7139647006988525,4.72988224029541,0.007282753475010395,1],[7,0.043085306882858276,0.997732400894165,0.05170787125825882,0,-0.0005788340349681675,0.05178084969520569,-0.998658299446106,0,-0.9990712404251099,0.0429975651204586,0.0028085154481232166,0,-1.8186511993408203,-8.937488555908203,-1.7706539630889893,1],[7,0.05519640073180199,0.7141148447990417,-0.6978490948677063,0,-0.9950639009475708,-0.018385209143161774,-0.09751835465431213,0,-0.0824694111943245,0.6997870802879333,0.7095751166343689,0,-1.9194096326828003,-6.680161476135254,8.281713485717773,1],[7,-0.030218007043004036,0.026515426114201546,0.9991915225982666,0,-0.006875527556985617,-0.9996299743652344,0.026319123804569244,0,0.9995197057723999,-0.006074658129364252,0.030389131978154182,0,1.6748054027557373,-3.80195951461792,-3.065067768096924,1],[7,-0.030218007043004036,0.026515426114201546,0.9991915225982666,0,-0.006875527556985617,-0.9996299743652344,0.026319123804569244,0,0.9995197057723999,-0.006074658129364252,0.030389131978154182,0,1.6748054027557373,-5.312708854675293,-3.065067768096924,1],[7,-0.02139614336192608,-0.031114811077713966,-0.9992868304252625,0,-0.9997612237930298,-0.0037650722078979015,0.02152353525161743,0,-0.004432087764143944,0.9995086789131165,-0.031026827171444893,0,-1.0028761625289917,1.0067455768585205,11.370549201965332,1],[7,0.029074115678668022,0.06027136743068695,0.9977585673332214,0,-0.0011933203786611557,0.9981818795204163,-0.06026216596364975,0,-0.9995765089988708,0.0005614235997200012,0.0290931798517704,0,-1.7098573446273804,-2.110308885574341,-2.9358584880828857,1],[7,0.029524125158786774,0.2879045903682709,0.9572038650512695,0,0.0003033629327546805,0.9576187133789062,-0.2880387008190155,0,-0.9995640516281128,0.008794471621513367,0.028185514733195305,0,-1.714119791984558,-1.389031171798706,-2.372319459915161,1],[7,0.030287424102425575,0.9978926777839661,0.0573837012052536,0,-0.00015766180877108127,0.05741480365395546,-0.9983504414558411,0,-0.9995412230491638,0.03022841550409794,0.0018962761387228966,0,-1.6877062320709229,-6.936058521270752,0.800180196762085,1],[7,-0.024915868416428566,0.9983569979667664,-0.051598627120256424,0,-0.0033309359569102526,-0.0516972690820694,-0.9986572265625,0,-0.9996840357780457,-0.02471053972840309,0.004613545723259449,0,-1.1821022033691406,-9.038359642028809,1.7947115898132324,1],[7,0.02938271313905716,0.02616013027727604,0.9992258548736572,0,0.003923837561160326,0.9996467232704163,-0.026286531239748,0,-0.999560534954071,0.004693169612437487,0.029269685968756676,0,-1.7298742532730103,-3.7981016635894775,-3.0667781829833984,1],[7,0.02938271313905716,0.02616013027727604,0.9992258548736572,0,0.003923837561160326,0.9996467232704163,-0.026286531239748,0,-0.999560534954071,0.004693169612437487,0.029269685968756676,0,-1.7298742532730103,-5.308825492858887,-3.0667779445648193,1],[7,-0.04990307241678238,0.6706331372261047,-0.7401086688041687,0,-0.9964082837104797,0.017329394817352295,0.08288714289665222,0,0.06841251254081726,0.7415866851806641,0.6673595905303955,0,1.8665039539337158,-6.092629432678223,8.755075454711914,1],[7,0.021024636924266815,-0.031034978106617928,-0.9992972016334534,0,-0.9997695088386536,0.0036957983393222094,-0.021149352192878723,0,0.004349570721387863,0.9995114803314209,-0.030950121581554413,0,1.021632432937622,1.0109388828277588,11.370647430419922,1]],8,8,8,8,8,8,8,8,8,8,8,8,8,8,8,8,8,8,8,8,8,8]]],0,0,[],[],[]],[[[4,[{"rasterizerState":{},"depthStencilState":{},"blendState":{"targets":[{}]}},{"rasterizerState":{},"depthStencilState":{},"blendState":{"targets":[{}]}},{"rasterizerState":{},"depthStencilState":{},"blendState":{"targets":[{}]}},{"rasterizerState":{},"depthStencilState":{},"blendState":{"targets":[{}]}}],[{"DCC_APP_NAME":1},{},{},{}],[[[{"emissiveScale":0,"shininessExponent":9.607843399047852,"specularFactor":0},"mainColor",8,[4,4280427042],"specularColor",8,[4,4294967295]],{},{},{}],11,0,0,0]]],0,0,[0],[1],[0]],[[[12,"1",[{"rasterizerState":{},"depthStencilState":{},"blendState":{"targets":[{}]}},{"rasterizerState":{},"depthStencilState":{},"blendState":{"targets":[{}]}},{"rasterizerState":{},"depthStencilState":{},"blendState":{"targets":[{}]}}],[{"USE_ALBEDO_MAP":true},{},{}],[[[{"metallic":0},"mainColor",8,[4,4291490252],"mainTexture",6,0],{},{}],11,0,0]]],0,0,[0,0],[5,1],[3,1]],[[[5,"08 - Default",[{"rasterizerState":{},"blendState":{"targets":[{}]},"depthStencilState":{}}],[{"DCC_APP_NAME":1}],[[[{"albedoScale":1,"specularFactor":0,"shininessExponent":1.9999998807907104,"emissiveScale":0},"mainColor",8,[4,4278204652],"specularColor",8,[4,4294177779],"emissive",8,[4,4278190080]]],11]]],0,0,[0],[1],[0]],[[[5,"03 - Default",[{"rasterizerState":{},"blendState":{"targets":[{}]},"depthStencilState":{}}],[{"DCC_APP_NAME":1}],[[[{"albedoScale":1,"specularFactor":0,"shininessExponent":1.9999998807907104,"emissiveScale":0},"mainColor",8,[4,4294835709],"specularColor",8,[4,4294177779],"emissive",8,[4,4278190080]]],11]]],0,0,[0],[1],[0]],[[[7,".bin",3460795160,[{"primitives":[{"primitiveMode":7,"vertexBundelIndices":[0],"indexView":{"offset":78480,"length":37560,"count":18780,"stride":2}},{"primitiveMode":7,"vertexBundelIndices":[1],"indexView":{"offset":152328,"length":16200,"count":8100,"stride":2}}],"vertexBundles":[{"view":{"offset":0,"length":78480,"count":3270,"stride":24},"attributes":[{"name":"a_position","format":32,"isNormalized":false},{"name":"a_normal","format":32,"isNormalized":false}]},{"view":{"offset":116040,"length":36288,"count":1512,"stride":24},"attributes":[{"name":"a_position","format":32,"isNormalized":false},{"name":"a_normal","format":32,"isNormalized":false}]}]},"minPosition",8,[1,-0.01040029525756836,-0.010379936546087265,-0.010408290661871433],"maxPosition",8,[1,0.01040029525756836,0.010379936546087265,0.010408289730548859]]],-1],0,0,[],[],[]],[[[4,[{"rasterizerState":{},"depthStencilState":{},"blendState":{"targets":[{}]}},{"rasterizerState":{},"depthStencilState":{},"blendState":{"targets":[{}]}},{"rasterizerState":{},"depthStencilState":{},"blendState":{"targets":[{}]}},{"rasterizerState":{},"depthStencilState":{},"blendState":{"targets":[{}]}}],[{"DCC_APP_NAME":1},{},{},{}],[[[{"emissiveScale":0,"shininessExponent":9.607843399047852,"specularFactor":0.25},"mainColor",8,[4,4291940817],"specularColor",8,[4,4278190080]],{},{},{}],11,0,0,0]]],0,0,[0],[1],[0]],[[[5,"07 - Default",[{"rasterizerState":{},"blendState":{"targets":[{}]},"depthStencilState":{}}],[{"DCC_APP_NAME":1}],[[[{"albedoScale":1,"specularFactor":0,"shininessExponent":1.9999998807907104,"emissiveScale":0},"mainColor",8,[4,4291484408],"specularColor",8,[4,4294177779],"emissive",8,[4,4278190080]]],11]]],0,0,[0],[1],[0]],[[[13],[14,"Juggle_with_ball",[[[8,"Dummy Prop Head",-4,[0,"3ccr7cM3pZJ4uk72vjcxAU",null,null,null,-3,0],[1,-0.003913546912372112,1.2000000476837158,0.003820862853899598],[3,9.974802310534049e-8,0.7071067215818921,-9.974800178905805e-8,0.7071068407911838],[1,0.000016164857359882152,89.99999034065368,3.6463010669380006e-13]],[8,"Dummy Prop Back",-6,[0,"eaXkTCkSxZqJcer+eTafli",null,null,null,-5,0],[1,-0.0039136591367423534,0.800000011920929,0.003960111644119024],[3,9.974802310534049e-8,0.7071067215818921,-9.974800178905805e-8,0.7071068407911838],[1,0.000016164857359882152,89.99999034065368,3.6463010669380006e-13]],-7,-8,[15,"Empty",-10,[0,"9cCfG4D/pRto/eOeuJ9P2P",null,null,null,-9,0],[1,-0.06998962163925171,1.4039684534072876,0.265402227640152],[3,-0.7071068407911908,0,0,0.7071067215818992],[1,11.0393648147583,11.0393648147583,11.0393648147583],[1,-90.00000965934633,0,0]],-11],4,4,1,1,4,1],[[18,-2,[6,"4eqfEujJRY164cSwOgEJZj"],[10],11]],[0,"15VZleS11Q2Ysw7iJIMsvk",null,null,null,-1,0]],[16,"mixamorig:Hips",1,[-12,-13,-14],[0,"3czU6bo9NaSrHvejkVWWRP",null,null,null,1,0],[1,0.0018597763264551759,0.47915858030319214,-0.004907074384391308],[3,-0.008150235077731815,-0.716930114187876,0.03506963439089698,0.6962146980511297],[1,0.10000000149011612,0.10000000149011612,0.10000000149011612],[1,2.2355509221023735,-91.74740409116592,3.469562531700118]],[17,"mixamorig:Spine2",[-15,-16,-17],[0,"15t0gQtsJZQr04+pr9d/0o",null,null,null,1,0],[1,0,1.0524377822875977,0],[3,-0.0033934524563226736,-0.006801312938852707,-0.007940857845786705,0.9999395828745893],[1,-0.3950790676814559,-0.7825362914535312,-0.9072934559167937]],[9,"Plane001",1,[[19,-18,[6,"ceSI1RxkdYL6NqfHZaV8Dp"],[0,1,2,3,4],[10],1,5,6]],[0,"8auqrZiNRfba7C9g+UnZAL",null,null,null,1,0],[1,0.16794443130493164,1.1412873268127441,0.004549075849354267],[3,0.49167380071132294,-0.508189800856021,0.508189800856021,-0.49167380071132294],[1,0.10000000149011612,0.10000000149011612,0.10000000149011612],[1,89.99999999999982,180,-88.10731974088641]],[1,"mixamorig:Spine",2,[-19],[0,"63gPlBUBZdFIzBhpnXoDQs",null,null,null,1,0],[1,0.0027994918636977673,0.7893218994140625,3.552713599391162e-17],[3,-0.016576806193996943,-0.026089213962694514,-0.0663413782376721,0.9973180956669451],[1,-2.1116020226342376,-3.136377906566911,-7.554081693707593]],[1,"mixamorig:Spine1",5,[3],[0,"02yA2H8nJfZLC+AFJS0idw",null,null,null,1,0],[1,3.814697180359872e-8,0.9208831787109375,-2.38418573772492e-9],[3,-0.003445255023964695,-0.006851398225999565,-0.007903635317217696,0.999939358715788],[1,-0.4010315206420928,-0.7883078881472881,-0.9029674361744637]],[1,"mixamorig:Neck",3,[-20],[0,"40qOr2nSZYGYdb5mmBIfuG",null,null,null,1,0],[1,-7.629394360719743e-8,1.1839898824691772,-1.776356799695581e-17],[3,0.0024611095306996287,0.01646255693405873,-0.0029832816065336145,0.9998570033709455],[1,0.2876161091983314,1.887415668771206,-0.33716914219745503]],[3,"mixamorig:Head",7,[[2,"mixamorig:HeadTop_End",-21,[0,"46RE9LjRtSlJF4G9zyqfIy",null,null,null,1,0],[1,0.9168843030929565,3.433626174926758,-5.7220457705398076e-8]]],[0,"1e6z/9xtNV853drUczuWqI",null,null,null,1,0],[1,0.3389666676521301,1.2693908214569092,0],[3,0.019325645507987755,0.16743574921724794,0.1163531161317656,0.978802197421004],[1,-0.06667810120721601,19.42225474845416,13.547121081545155]],[1,"mixamorig:LeftShoulder",3,[-22],[0,"550G2UMzRfBLzi60bECXRS",null,null,null,1,0],[1,0.0001522827078588307,1.0055011510849,-0.6400794982910156],[3,0.06366923574404083,-0.504093477926067,0.8601396846018685,0.044673447428757326],[1,119.19786912452366,-171.10753553815505,0.725402110434584]],[1,"mixamorig:LeftArm",9,[-23],[0,"2caao+J4FZTZoO3hlNaPNl",null,null,null,1,0],[1,-1.5258788721439487e-7,1.3368035554885864,0.000001220703097715159],[3,0.3266341293883387,0.10799242244179179,-0.007775717190328491,0.9389288154253502],[1,38.0258289813361,12.016895002072092,3.2071632496242914]],[3,"mixamorig:LeftForeArm",10,[[2,"mixamorig:LeftHand",-24,[0,"camchDxPNSebyFa5CN8gbM",null,null,null,1,0],[1,-1.4210854397564648e-16,1.5107241868972778,0]]],[0,"07OL7BXjlS3JS/C4afD6xk",null,null,null,1,0],[1,-1.5258788721439487e-7,1.798691987991333,5.684341759025859e-16],[3,-0.0010912437051414522,-0.000041904237378870586,0.28396529114065905,0.9588339381032628],[1,-0.14132856429996446,0.036847365484464885,32.994000108014546]],[1,"mixamorig:RightShoulder",3,[-25],[0,"15QotM505Zcoozj4kvV8pg",null,null,null,1,0],[1,0.0011136627290397882,1.0055029392242432,0.64007967710495],[3,0.8529028057720847,-0.04493475952130097,0.056508908329085186,0.5170535896522946],[1,117.47421845561503,-8.214781223936171,-1.043625683128963]],[1,"mixamorig:RightArm",12,[-26],[0,"56EUHDWidUP4UfV9HsUkGO",null,null,null,1,0],[1,7.629394360719743e-8,1.3368027210235596,0],[3,0.3822530447742378,-0.12475617778198311,-0.11038244341533204,0.9089192604691112],[1,44.31861750271652,-8.57365762551083,-17.219569804458434]],[3,"mixamorig:RightForeArm",13,[[2,"mixamorig:RightHand",-27,[0,"d4uUqgmRVTSoWN1Bcet4AG",null,null,null,1,0],[1,-2.288818308215923e-7,1.5107501745224,6.103515488575795e-7]]],[0,"7c2T9sVYxTnYSMx2U0lF8W",null,null,null,1,0],[1,1.5258788721439487e-7,1.7987316846847534,6.103515488575795e-7],[3,-0.0005007954391835338,-0.00011456883835220116,-0.20397211926861397,0.9789765628650053],[1,-0.06420040783487097,-0.02678686029687967,-23.538658411217952]],[1,"mixamorig:LeftUpLeg",2,[-28],[0,"01gkuRdStTirORqJIfzCHt",null,null,null,1,0],[1,0.030048483982682228,-0.4400485157966614,-1.1895439624786377],[3,0.09696554581435379,-0.046791334616538616,0.9925957515447894,-0.05623102297631148],[1,175.26262261133175,-169.12820983464627,-6.932713579211397]],[1,"mixamorig:LeftLeg",15,[-29],[0,"43rEXfAkxSxIHFeQDT4DjN",null,null,null,1,0],[1,-7.629394360719743e-8,2.1645827293395996,1.5258788721439487e-7],[3,0.09462417650495117,0.016263838837390944,-0.2761196192680118,0.9563156950622109],[1,12.897178399862073,5.621046147238636,-31.67074397300951]],[1,"mixamorig:LeftFoot",16,[-30],[0,"fa1YQENgJd+ZEZJxAW0gS4",null,null,null,1,0],[1,-1.4210854397564648e-16,1.5746960639953613,-3.814697322468419e-7],[3,0.3688908500233289,-0.6018661232660547,0.40348616055072356,0.5821302506121734],[1,66.27357762538509,-92.87197292724306,1.4736487966166427]],[3,"mixamorig:LeftToeBase",17,[[2,"mixamorig:LeftToe_End",-31,[0,"29VweD1VxW87xRf8D6joMw",null,null,null,1,0],[1,-3.0517577442878974e-7,0.4453459084033966,-7.1525572131747595e-9]]],[0,"f2bFF+obBWfZ51ZbRmZ954",null,null,null,1,0],[1,7.629394360719743e-8,1.0643354654312134,7.629394360719743e-8],[3,0.38647765629593983,0.043933597267305176,-0.018243778831385397,0.9210711290389594],[1,45.52448359414249,5.45325184117339,0.020114914336289057]],[1,"mixamorig:RightUpLeg",2,[-32],[0,"e0UStUV6da/4TW+YI3dKKO",null,null,null,1,0],[1,0.01984027773141861,-0.4400485157966614,1.1895438432693481],[3,-0.09881067926708631,0.06958100133259258,0.9849808122043052,-0.12331963957812296],[1,-173.30360344286342,169.41786439348513,-14.87349078904363]],[1,"mixamorig:RightLeg",19,[-33],[0,"edrCF0FNRZVZyynvrmqf30",null,null,null,1,0],[1,0,2.1645984649658203,0],[3,-0.1162170419308887,-0.07508824921094677,-0.3431148302045041,0.9290465904834929],[1,-19.93345337267641,-16.23001496703207,-38.32243375436227]],[1,"mixamorig:RightFoot",20,[-34],[0,"d3B8mqXl1Rx7YOfZG7bU+X",null,null,null,1,0],[1,7.629394360719743e-8,1.5721619129180908,-7.629394360719743e-8],[3,0.4170210088135918,-0.6076251304344822,0.32916569904571186,0.5903686319955698],[1,63.98812709879171,-87.40936237691643,-6.78400042950447]],[3,"mixamorig:RightToeBase",21,[[2,"mixamorig:RightToe_End",-35,[0,"9duugBD2Fb3a3hcPeWbm1f",null,null,null,1,0],[1,7.629394360719743e-8,0.4378213584423065,-9.53674295089968e-9]]],[0,"2bmg3KjE9ZSaG3SlO3aVZj",null,null,null,1,0],[1,0,1.0034421682357788,1.5258788721439487e-7],[3,0.40762612298290407,-0.049868792386801024,0.022209422703535386,0.9115156548030233],[1,48.18747785238233,-6.2587483261577965,-0.009578252396181219]],[9,"Icosphere",1,[[20,-36,[6,"7fyejA4nhc8oOR/BO2WyHF"],[7,8],[10],9]],[0,"02IETpoTtYx6XIDx/OquEc",null,null,null,1,0],[1,-0.06998962163925171,1.4039684534072876,0.2808924913406372],[3,-0.7071068407911908,0,0,0.7071067215818992],[1,12.107423782348633,12.107423782348633,12.107423782348633],[1,-90.00000965934633,0,0]]],0,[0,2,1,0,3,1,0,2,1,0,0,1,0,2,1,0,0,1,0,-3,4,0,-4,2,0,2,1,0,0,1,0,-6,23,0,-1,5,0,-2,15,0,-3,19,0,-1,7,0,-2,9,0,-3,12,0,3,4,0,-1,6,0,-1,8,0,0,8,0,-1,10,0,-1,11,0,0,11,0,-1,13,0,-1,14,0,0,14,0,-1,16,0,-1,17,0,-1,18,0,0,18,0,-1,20,0,-1,21,0,-1,22,0,0,22,0,3,23,0,6,1,3,0,6,36],[0,0,0,0,0,0,0,0,0,0,0,0],[-1,-2,-3,-4,-5,4,7,-1,-2,4,-1,8],[4,5,6,7,8,9,10,11,12,13,2,2]],[[[4,[{"rasterizerState":{},"depthStencilState":{},"blendState":{"targets":[{}]}},{"rasterizerState":{},"depthStencilState":{},"blendState":{"targets":[{}]}},{"rasterizerState":{},"depthStencilState":{},"blendState":{"targets":[{}]}}],[{},{},{}],[[[{"metallic":0},"mainColor",8,[4,4278190080]],{},{}],11,0,0]]],0,0,[0],[1],[1]]]]
