[1,["1brw/JvvpFnIvdrxpFCgMZ","5cmd1LsQ9CM6z4LhCZalbl@73b7f","a0RIz9LVJKubtxe/0etQyd@6c48a","5cmd1LsQ9CM6z4LhCZalbl@c4114","5cmd1LsQ9CM6z4LhCZalbl@db4d2","5cmd1LsQ9CM6z4LhCZalbl@59253","5cmd1LsQ9CM6z4LhCZalbl@6363a","5cmd1LsQ9CM6z4LhCZalbl@566ed","5cmd1LsQ9CM6z4LhCZalbl@2f8d2","5cmd1LsQ9CM6z4LhCZalbl@438fe"],["_parent","_effectAsset","root","node","mainTexture","data","_mesh","_skeleton","_defaultClip"],[["cc.Node",["_name","_prefab","_parent","_lpos","_components","_lrot","_euler","_children","_lscale"],2,4,1,5,9,5,5,12,5],["cc.Node",["_name","_children","_prefab","_lpos","_lrot","_euler","_parent","_lscale"],2,2,4,5,5,5,1,5],["cc.Material",["_states","_defines","_techIdx","_props"],0,12],["cc.Mesh",["_native","_hash","_struct"],1,11],["cc.Skeleton",["_name","_hash","_joints","_bindposes"],0,12],["cc.Prefab",[],3],["cc.Node",["_name","_parent","_children","_prefab","_lpos","_lrot","_euler"],2,1,9,4,5,5,5],["cc.PrefabInfo",["fileId","instance","targetOverrides","nestedPrefabInstanceRoots","root","asset"],-1,1,1],["cc.SkeletalAnimation",["node","__prefab","_clips","_defaultClip"],3,1,4,3,6],["cc.CompPrefabInfo",["fileId"],2],["cc.SkinnedMeshRenderer",["node","__prefab","_materials","bakeSettings","_skinningRoot","_mesh","_skeleton"],3,1,4,3,4,1,6,6],["cc.ModelBakeSettings",[],3]],[[7,0,1,2,3,4,5,5],[1,0,6,1,2,3,4,5,2],[0,0,2,1,3,2],[6,0,1,2,3,4,5,6,2],[2,0,1,3,3],[0,0,2,1,3,5,6,2],[9,0,2],[3,0,1,2,3],[4,0,1,2,3,4],[2,2,0,1,3,4],[5,1],[0,0,7,4,1,2],[0,0,2,4,1,3,5,8,6,2],[1,0,6,1,2,3,4,7,5,2],[1,0,1,2,3,4,5,2],[8,0,1,2,3,1],[10,0,1,2,3,4,5,6,1],[11,1]],[[[[7,".bin",256661681,[{"primitives":[{"primitiveMode":7,"jointMapIndex":0,"vertexBundelIndices":[0],"indexView":{"offset":34704,"length":972,"count":486,"stride":2}},{"primitiveMode":7,"jointMapIndex":0,"vertexBundelIndices":[1],"indexView":{"offset":55620,"length":588,"count":294,"stride":2}},{"primitiveMode":7,"jointMapIndex":0,"vertexBundelIndices":[2],"indexView":{"offset":81480,"length":708,"count":354,"stride":2}},{"primitiveMode":7,"jointMapIndex":0,"vertexBundelIndices":[3],"indexView":{"offset":85644,"length":96,"count":48,"stride":2}},{"primitiveMode":7,"jointMapIndex":0,"vertexBundelIndices":[4],"indexView":{"offset":86028,"length":12,"count":6,"stride":2}}],"vertexBundles":[{"view":{"offset":0,"length":34704,"count":482,"stride":72},"attributes":[{"name":"a_position","format":32,"isNormalized":false},{"name":"a_normal","format":32,"isNormalized":false},{"name":"a_texCoord","format":21,"isNormalized":false},{"name":"a_tangent","format":44,"isNormalized":false},{"name":"a_joints","format":42,"isNormalized":false},{"name":"a_weights","format":44,"isNormalized":false}]},{"view":{"offset":35676,"length":19944,"count":277,"stride":72},"attributes":[{"name":"a_position","format":32,"isNormalized":false},{"name":"a_normal","format":32,"isNormalized":false},{"name":"a_texCoord","format":21,"isNormalized":false},{"name":"a_tangent","format":44,"isNormalized":false},{"name":"a_joints","format":42,"isNormalized":false},{"name":"a_weights","format":44,"isNormalized":false}]},{"view":{"offset":56208,"length":25272,"count":351,"stride":72},"attributes":[{"name":"a_position","format":32,"isNormalized":false},{"name":"a_normal","format":32,"isNormalized":false},{"name":"a_texCoord","format":21,"isNormalized":false},{"name":"a_tangent","format":44,"isNormalized":false},{"name":"a_joints","format":42,"isNormalized":false},{"name":"a_weights","format":44,"isNormalized":false}]},{"view":{"offset":82188,"length":3456,"count":48,"stride":72},"attributes":[{"name":"a_position","format":32,"isNormalized":false},{"name":"a_normal","format":32,"isNormalized":false},{"name":"a_texCoord","format":21,"isNormalized":false},{"name":"a_tangent","format":44,"isNormalized":false},{"name":"a_joints","format":42,"isNormalized":false},{"name":"a_weights","format":44,"isNormalized":false}]},{"view":{"offset":85740,"length":288,"count":4,"stride":72},"attributes":[{"name":"a_position","format":32,"isNormalized":false},{"name":"a_normal","format":32,"isNormalized":false},{"name":"a_texCoord","format":21,"isNormalized":false},{"name":"a_tangent","format":44,"isNormalized":false},{"name":"a_joints","format":42,"isNormalized":false},{"name":"a_weights","format":44,"isNormalized":false}]}],"jointMaps":[[0,1,2,3,4,5,6,7,8,9,10,11,12,13,14,15,16,17,18,19,20,21]]},"minPosition",8,[1,-2.2156054973602295,-5.922484874725342,-3.2905220985412598],"maxPosition",8,[1,11.48379898071289,5.9370503425598145,0.008802256546914577]]],-1],0,0,[],[],[]],[[[8,"Skin-0",3288602214,["mixamorig:Hips/mixamorig:Spine/mixamorig:Spine1/mixamorig:Spine2/mixamorig:Neck","mixamorig:Hips/mixamorig:Spine/mixamorig:Spine1/mixamorig:Spine2/mixamorig:Neck/mixamorig:Head","mixamorig:Hips/mixamorig:Spine/mixamorig:Spine1/mixamorig:Spine2","mixamorig:Hips/mixamorig:Spine/mixamorig:Spine1/mixamorig:Spine2/mixamorig:RightShoulder","mixamorig:Hips/mixamorig:Spine/mixamorig:Spine1/mixamorig:Spine2/mixamorig:RightShoulder/mixamorig:RightArm","mixamorig:Hips","mixamorig:Hips/mixamorig:RightUpLeg","mixamorig:Hips/mixamorig:Spine","mixamorig:Hips/mixamorig:Spine/mixamorig:Spine1","mixamorig:Hips/mixamorig:RightUpLeg/mixamorig:RightLeg","mixamorig:Hips/mixamorig:RightUpLeg/mixamorig:RightLeg/mixamorig:RightFoot","mixamorig:Hips/mixamorig:Spine/mixamorig:Spine1/mixamorig:Spine2/mixamorig:RightShoulder/mixamorig:RightArm/mixamorig:RightForeArm","mixamorig:Hips/mixamorig:Spine/mixamorig:Spine1/mixamorig:Spine2/mixamorig:RightShoulder/mixamorig:RightArm/mixamorig:RightForeArm/mixamorig:RightHand","mixamorig:Hips/mixamorig:RightUpLeg/mixamorig:RightLeg/mixamorig:RightFoot/mixamorig:RightToeBase","mixamorig:Hips/mixamorig:Spine/mixamorig:Spine1/mixamorig:Spine2/mixamorig:LeftShoulder/mixamorig:LeftArm","mixamorig:Hips/mixamorig:Spine/mixamorig:Spine1/mixamorig:Spine2/mixamorig:LeftShoulder","mixamorig:Hips/mixamorig:LeftUpLeg","mixamorig:Hips/mixamorig:LeftUpLeg/mixamorig:LeftLeg","mixamorig:Hips/mixamorig:Spine/mixamorig:Spine1/mixamorig:Spine2/mixamorig:LeftShoulder/mixamorig:LeftArm/mixamorig:LeftForeArm","mixamorig:Hips/mixamorig:Spine/mixamorig:Spine1/mixamorig:Spine2/mixamorig:LeftShoulder/mixamorig:LeftArm/mixamorig:LeftForeArm/mixamorig:LeftHand","mixamorig:Hips/mixamorig:LeftUpLeg/mixamorig:LeftLeg/mixamorig:LeftFoot","mixamorig:Hips/mixamorig:LeftUpLeg/mixamorig:LeftLeg/mixamorig:LeftFoot/mixamorig:LeftToeBase"],[[[7,-0.0330275259912014,-0.9994544982910156,-1.0893776761421262e-16,0,4.5019309867456656e-15,-3.977157177048862e-17,-1,0,0.9994544982910156,-0.0330275259912014,4.5007883392998195e-15,0,1.7227975130081177,2.487358808517456,0.007282753009349108,1],[7,-0.0330275259912014,-0.9994544982910156,-1.0893776761421262e-16,0,4.5019309867456656e-15,-3.977157177048862e-17,-1,0,0.9994544982910156,-0.0330275259912014,4.5007883392998195e-15,0,1.3838310241699219,1.2179679870605469,0.007282752078026533,1],[7,-0.029482584446668625,-0.9995653033256531,-1.5616925119539847e-16,0,4.500682460181413e-15,2.348770581229829e-17,-1,0,0.9995653033256531,-0.029482584446668625,4.4980337881553485e-15,0,1.7139647006988525,3.6774444580078125,0.007282753475010395,1],[7,-0.02952408790588379,0.2878570258617401,0.9572182297706604,0,0.0018052076920866966,-0.957618772983551,0.2880331575870514,0,0.9995624423027039,0.010231893509626389,0.027753178030252457,0,1.7141016721725464,-1.3726050853729248,-2.377260208129883,1],[7,-0.03104742243885994,0.060000061988830566,0.997715413570404,0,0.006874262820929289,-0.998160183429718,0.0602407269179821,0,0.9994942545890808,0.008728877641260624,0.030577845871448517,0,1.7284196615219116,-2.081652879714966,-2.934227705001831,1],[7,-0.0330275259912014,-0.9994544982910156,-1.0893776761421262e-16,0,4.5019309867456656e-15,-3.977157177048862e-17,-1,0,0.9994544982910156,-0.0330275259912014,4.5007883392998195e-15,0,1.7367948293685913,6.433973789215088,0.0072827525436878204,1],[7,0.028375543653964996,0.9979488849639893,-0.0573837049305439,0,0.0002676602452993393,-0.05741439759731293,-0.9983504414558411,0,-0.9995972514152527,0.028313377872109413,-0.0018962762551382184,0,-1.684626579284668,-6.938490390777588,-0.7856387495994568,1],[7,-0.029482591897249222,-0.9995653033256531,-1.5626605117940187e-16,0,4.501358392473322e-15,2.3564580669706518e-17,-1,0,0.9995653033256531,-0.029482591897249222,4.498707179348416e-15,0,1.713964819908142,5.650764465332031,0.007282753009349108,1],[7,-0.029482584446668625,-0.9995653033256531,-1.5616925119539847e-16,0,4.500682460181413e-15,2.348770581229829e-17,-1,0,0.9995653033256531,-0.029482584446668625,4.4980337881553485e-15,0,1.7139647006988525,4.72988224029541,0.007282753475010395,1],[7,0.043085306882858276,0.997732400894165,0.05170787125825882,0,-0.0005788340349681675,0.05178084969520569,-0.998658299446106,0,-0.9990712404251099,0.0429975651204586,0.0028085154481232166,0,-1.8186511993408203,-8.937488555908203,-1.7706539630889893,1],[7,0.05519640073180199,0.7141148447990417,-0.6978490948677063,0,-0.9950639009475708,-0.018385209143161774,-0.09751835465431213,0,-0.0824694111943245,0.6997870802879333,0.7095751166343689,0,-1.9194096326828003,-6.680161476135254,8.281713485717773,1],[7,-0.030218007043004036,0.026515426114201546,0.9991915225982666,0,-0.006875527556985617,-0.9996299743652344,0.026319123804569244,0,0.9995197057723999,-0.006074658129364252,0.030389131978154182,0,1.6748054027557373,-3.80195951461792,-3.065067768096924,1],[7,-0.030218007043004036,0.026515426114201546,0.9991915225982666,0,-0.006875527556985617,-0.9996299743652344,0.026319123804569244,0,0.9995197057723999,-0.006074658129364252,0.030389131978154182,0,1.6748054027557373,-5.312708854675293,-3.065067768096924,1],[7,-0.02139614336192608,-0.031114811077713966,-0.9992868304252625,0,-0.9997612237930298,-0.0037650722078979015,0.02152353525161743,0,-0.004432087764143944,0.9995086789131165,-0.031026827171444893,0,-1.0028761625289917,1.0067455768585205,11.370549201965332,1],[7,0.029074115678668022,0.06027136743068695,0.9977585673332214,0,-0.0011933203786611557,0.9981818795204163,-0.06026216596364975,0,-0.9995765089988708,0.0005614235997200012,0.0290931798517704,0,-1.7098573446273804,-2.110308885574341,-2.9358584880828857,1],[7,0.029524125158786774,0.2879045903682709,0.9572038650512695,0,0.0003033629327546805,0.9576187133789062,-0.2880387008190155,0,-0.9995640516281128,0.008794471621513367,0.028185514733195305,0,-1.714119791984558,-1.389031171798706,-2.372319459915161,1],[7,0.030287424102425575,0.9978926777839661,0.0573837012052536,0,-0.00015766180877108127,0.05741480365395546,-0.9983504414558411,0,-0.9995412230491638,0.03022841550409794,0.0018962761387228966,0,-1.6877062320709229,-6.936058521270752,0.800180196762085,1],[7,-0.024915868416428566,0.9983569979667664,-0.051598627120256424,0,-0.0033309359569102526,-0.0516972690820694,-0.9986572265625,0,-0.9996840357780457,-0.02471053972840309,0.004613545723259449,0,-1.1821022033691406,-9.038359642028809,1.7947115898132324,1],[7,0.02938271313905716,0.02616013027727604,0.9992258548736572,0,0.003923837561160326,0.9996467232704163,-0.026286531239748,0,-0.999560534954071,0.004693169612437487,0.029269685968756676,0,-1.7298742532730103,-3.7981016635894775,-3.0667781829833984,1],[7,0.02938271313905716,0.02616013027727604,0.9992258548736572,0,0.003923837561160326,0.9996467232704163,-0.026286531239748,0,-0.999560534954071,0.004693169612437487,0.029269685968756676,0,-1.7298742532730103,-5.308825492858887,-3.0667779445648193,1],[7,-0.04990307241678238,0.6706331372261047,-0.7401086688041687,0,-0.9964082837104797,0.017329394817352295,0.08288714289665222,0,0.06841251254081726,0.7415866851806641,0.6673595905303955,0,1.8665039539337158,-6.092629432678223,8.755075454711914,1],[7,0.021024636924266815,-0.031034978106617928,-0.9992972016334534,0,-0.9997695088386536,0.0036957983393222094,-0.021149352192878723,0,0.004349570721387863,0.9995114803314209,-0.030950121581554413,0,1.021632432937622,1.0109388828277588,11.370647430419922,1]],8,8,8,8,8,8,8,8,8,8,8,8,8,8,8,8,8,8,8,8,8,8]]],0,0,[],[],[]],[[[9,"1",[{"rasterizerState":{},"depthStencilState":{},"blendState":{"targets":[{}]}},{"rasterizerState":{},"depthStencilState":{},"blendState":{"targets":[{}]}},{"rasterizerState":{},"depthStencilState":{},"blendState":{"targets":[{}]}}],[{"USE_ALBEDO_MAP":true},{},{}],[[[{"metallic":0},"mainColor",8,[4,4291490252],"mainTexture",6,0],{},{}],11,0,0]]],0,0,[0,0],[4,1],[2,0]],[[[4,[{"rasterizerState":{},"depthStencilState":{},"blendState":{"targets":[{}]}},{"rasterizerState":{},"depthStencilState":{},"blendState":{"targets":[{}]}},{"rasterizerState":{},"depthStencilState":{},"blendState":{"targets":[{}]}}],[{},{},{}],[[[{"metallic":0},"mainColor",8,[4,4284999281]],{},{}],11,0,0]]],0,0,[0],[1],[0]],[[[4,[{"rasterizerState":{},"depthStencilState":{},"blendState":{"targets":[{}]}},{"rasterizerState":{},"depthStencilState":{},"blendState":{"targets":[{}]}},{"rasterizerState":{},"depthStencilState":{},"blendState":{"targets":[{}]}}],[{},{},{}],[[[{"metallic":0},"mainColor",8,[4,4294835709]],{},{}],11,0,0]]],0,0,[0],[1],[0]],[[[4,[{"rasterizerState":{},"depthStencilState":{},"blendState":{"targets":[{}]}},{"rasterizerState":{},"depthStencilState":{},"blendState":{"targets":[{}]}},{"rasterizerState":{},"depthStencilState":{},"blendState":{"targets":[{}]}}],[{},{},{}],[[[{"metallic":0},"mainColor",8,[4,4291484408]],{},{}],11,0,0]]],0,0,[0],[1],[0]],[[[4,[{"rasterizerState":{},"depthStencilState":{},"blendState":{"targets":[{}]}},{"rasterizerState":{},"depthStencilState":{},"blendState":{"targets":[{}]}},{"rasterizerState":{},"depthStencilState":{},"blendState":{"targets":[{}]}}],[{},{},{}],[[[{"metallic":0},"mainColor",8,[4,4278190080]],{},{}],11,0,0]]],0,0,[0],[1],[0]],[[[10],[11,"audience_sit_cheering",[[[5,"Dummy Prop Head",-4,[0,"147+YDtulRxq8nLLV8t47C",null,null,null,-3,0],[1,-0.003913546912372112,1.2000000476837158,0.003820862853899598],[3,9.974802310534049e-8,0.7071067215818921,-9.974800178905805e-8,0.7071068407911838],[1,0.000016164857359882152,89.99999034065368,3.6463010669380006e-13]],[5,"Dummy Prop Back",-6,[0,"8d6lY1FYFXyKAg57EUuq5o",null,null,null,-5,0],[1,-0.0039136591367423534,0.800000011920929,0.003960111644119024],[3,9.974802310534049e-8,0.7071067215818921,-9.974800178905805e-8,0.7071068407911838],[1,0.000016164857359882152,89.99999034065368,3.6463010669380006e-13]],-7,-8],4,4,1,1],[[15,-2,[6,"1aV1cD85lYLK3+G6Y32s+U"],[7],8]],[0,"a6w1OS+etXvpwM6addWZXn",null,null,null,-1,0]],[13,"mixamorig:Hips",1,[-9,-10,-11],[0,"1aRXVA2sFRXqUwdvHGgq1u",null,null,null,1,0],[1,0.002556263469159603,0.3044057786464691,0.06936456263065338],[3,0.005359243568528899,-0.7076841549170588,0.003526040796809492,0.7064998106326715],[1,0.10000000149011612,0.10000000149011612,0.10000000149011612],[1,0.7198428948668629,-90.09503069672141,-0.14914160968029097]],[14,"mixamorig:Spine2",[-12,-13,-14],[0,"86KdqfcdFQHr1kYCZN/c5y",null,null,null,1,0],[1,7.629394360719743e-8,1.0524368286132812,-1.4305114426349519e-8],[3,-0.0026371658466674136,0.0021547863850304555,0.0017473877043098225,0.9999926744172394],[1,-0.30262944074444914,0.24744884812488493,0.19958364817615995]],[12,"Plane001",1,[[16,-15,[6,"18rIyyM+FdyZzsnTD33UBQ"],[0,1,2,3,4],[17],1,5,6]],[0,"b41wFQOltQ85gZ+Lmm+FhA",null,null,null,1,0],[1,0.16794443130493164,1.1412873268127441,0.004549075849354267],[3,0.49167380071132294,-0.508189800856021,0.508189800856021,-0.49167380071132294],[1,0.10000000149011612,0.10000000149011612,0.10000000149011612],[1,89.99999999999982,180,-88.10731974088641]],[1,"mixamorig:Spine",2,[-16],[0,"8fe+FRnxJfi5B04RUvwJYC",null,null,null,1,0],[1,0.0027995300479233265,0.789323091506958,4.76837147544984e-9],[3,-0.011736599696418151,0.003787908692745829,-0.09260990445360563,0.995626089238523],[1,-1.321638289190933,0.31298596833234577,-10.631900416138903]],[1,"mixamorig:Spine1",5,[3],[0,"2e9mqOpq1e+rJ3kTdZPkMe",null,null,null,1,0],[1,-1.5258788721439487e-7,0.920881986618042,2.38418573772492e-9],[3,-0.0031118636808794404,0.0018451986474057112,0.0017446470106171669,0.9999919338440642],[1,-0.3569637978027005,0.2120663802928702,0.19926262448236692]],[1,"mixamorig:Neck",3,[-17],[0,"32MDHv7LpWyKWuNHV/yEYF",null,null,null,1,0],[1,1.5258788721439487e-7,1.1839916706085205,-1.907348590179936e-8],[3,0.0042141969015847625,-0.011163914496736293,0.010560371837873797,0.9998730349920585],[1,0.4964758087414152,-1.28461920451689,1.2046734040431815]],[3,"mixamorig:Head",7,[[2,"mixamorig:HeadTop_End",-18,[0,"73XARSq5RW6ItiLjRsVNsG",null,null,null,1,0],[1,0.9168840050697327,3.433626651763916,-7.629394360719743e-8]]],[0,"a3cIQ+MHtZ3omk5Nz4MvBN",null,null,null,1,0],[1,0.3389664590358734,1.2693908214569092,4.440891999238953e-18],[3,-0.04332971908390626,-0.04119049722532088,0.07555957819049706,0.9953474913446635],[1,-4.64591198949975,-4.37939802212466,8.857970203406419]],[1,"mixamorig:LeftShoulder",3,[-19],[0,"53SNw8QGZXMqnO41jc5v47",null,null,null,1,0],[1,0.00015251159493345767,1.0055023431777954,-0.6400797367095947],[3,-0.11558592238146041,-0.5386632046938591,0.8319011272060309,-0.0665008346526847],[1,114.26004908000647,164.6936082421407,0.7952639177239911]],[1,"mixamorig:LeftArm",9,[-20],[0,"39wFOAbhhce4GulcDkc7CV",null,null,null,1,0],[1,-1.4210854397564648e-16,1.3368035554885864,-1.1368683518051719e-15],[3,0.3315469932515418,0.14037095060579188,0.1275453572075166,0.9241778883671128],[1,37.66087593632452,10.671553570632751,19.197675382694992]],[3,"mixamorig:LeftForeArm",10,[[2,"mixamorig:LeftHand",-21,[0,"28/xcO8WZeTqntA7dS+PrD",null,null,null,1,0],[1,4.577636616431846e-7,1.5107238292694092,0]]],[0,"11vIXrOQ9fypfyQve+OFnS",null,null,null,1,0],[1,-1.5258788721439487e-7,1.7986929416656494,-3.0517577442878974e-7],[3,-0.001848188072436948,-0.0001123971863506063,0.5165112502696132,0.8562784009378271],[1,-0.3745365896499191,0.21087978435495755,62.19684231323203]],[1,"mixamorig:RightShoulder",3,[-22],[0,"d2B7C4c+pb3669pj7V46EW",null,null,null,1,0],[1,0.0011137389810755849,1.0055053234100342,0.64007967710495],[3,0.8420585586256456,-0.04308164590660575,0.016482834149413886,0.5374101523135572],[1,114.79037274775686,-4.253859598443906,-3.143588823218958]],[1,"mixamorig:RightArm",12,[-23],[0,"368YKk67tWv5sKn71rbO7N",null,null,null,1,0],[1,7.629394360719743e-8,1.3368033170700073,1.1368683518051719e-15],[3,0.37063354848373303,-0.17927213300776973,-0.26642457078156717,0.8714988371472784],[1,43.342460753096276,-8.242193490667884,-36.674335014278036]],[3,"mixamorig:RightForeArm",13,[[2,"mixamorig:RightHand",-24,[0,"c8COOH2YVcAYBM5QwXYC+w",null,null,null,1,0],[1,-3.0517577442878974e-7,1.5107496976852417,3.0517577442878974e-7]]],[0,"b1inoVVFpazqDj01GdJEWd",null,null,null,1,0],[1,7.629394360719743e-8,1.7987316846847534,0],[3,-0.001136387335960579,-0.00010365809310455982,-0.46281420649153726,0.8864545719597993],[1,-0.21156517590271418,-0.12385690548905756,-55.13761369293437]],[1,"mixamorig:LeftUpLeg",2,[-25],[0,"89Pk4erV9RoqlWkxhep8Jb",null,null,null,1,0],[1,0.03004859946668148,-0.4400479197502136,-1.1895440816879272],[3,-0.06110312597109021,0.15508132684242346,-0.7473203900373023,0.6432172453346139],[1,129.08920126899685,146.76306215111595,-78.61724833772328]],[1,"mixamorig:LeftLeg",15,[-26],[0,"e524u3A+hX0rQx1av8wSlj",null,null,null,1,0],[1,5.684341759025859e-16,2.1645827293395996,-3.0517577442878974e-7],[3,0.024900680238821166,-0.014981586384385232,-0.721184785238021,0.6921329451299371],[1,162.76508464776848,159.53229522903146,-87.51235225894676]],[1,"mixamorig:LeftFoot",16,[-27],[0,"b5rrD4HF9QJ44GmmgFK7Js",null,null,null,1,0],[1,0,1.5746963024139404,7.629394360719743e-8],[3,0.38405784789105135,-0.6282999486829646,0.2731727051175994,0.6189631791447785],[1,55.83056674954419,-86.45223632735022,-8.304815135788765]],[3,"mixamorig:LeftToeBase",17,[[2,"mixamorig:LeftToe_End",-28,[0,"59KV4TA9lWurkSwIaXu7Kg",null,null,null,1,0],[1,-5.684341759025859e-16,0.44534575939178467,-2.38418573772492e-9]]],[0,"54WlFzk7NasLAgCIbviptz",null,null,null,1,0],[1,-3.814697322468419e-7,1.0643354654312134,3.0517577442878974e-7],[3,0.37425436688102276,0.04432121559891799,-0.017895364712375482,0.9260934373161976],[1,44.009315426733295,5.479293336322323,0.001676321512967679]],[1,"mixamorig:RightUpLeg",2,[-29],[0,"a7tqY1HyVfpLyDYGRULr5W",null,null,null,1,0],[1,0.019840240478515625,-0.4400479197502136,1.1895439624786377],[3,0.029753275615818784,-0.1358696091568672,-0.7436109881283802,0.6539853899227592],[1,-123.42600855089647,-136.94270185371772,-78.72690878694823]],[1,"mixamorig:RightLeg",19,[-30],[0,"eef0GNp6hU/ZMCy7p5XtO7",null,null,null,1,0],[1,-2.8421708795129297e-16,2.1645984649658203,-5.684341759025859e-16],[3,-0.014088734965252201,-0.003290223186089735,-0.7259442796378779,0.6876013269617121],[1,-156.05526295051416,-155.1798796424084,-86.58838978416634]],[1,"mixamorig:RightFoot",20,[-31],[0,"7cb+BlZJFZ46jo68a4ppme",null,null,null,1,0],[1,-5.684341759025859e-16,1.5721620321273804,-1.5258788721439487e-7],[3,0.2578022538802206,-0.5745057594660671,0.35910839661330524,0.688855782959261],[1,51.57205122690658,-85.20255990167044,11.451012464663293]],[3,"mixamorig:RightToeBase",21,[[2,"mixamorig:RightToe_End",-32,[0,"5cQY+dS75X7K/U+P9FNvV2",null,null,null,1,0],[1,-1.4210854397564648e-16,0.4378204345703125,2.38418573772492e-9]]],[0,"67N5HgSJ1YHrrehx+rGqUV",null,null,null,1,0],[1,1.5258788721439487e-7,1.003442406654358,3.0517577442878974e-7],[3,0.40256095157024857,-0.05005892021554797,0.022033076856207583,0.9137578061510381],[1,47.55218245061299,-6.270513678239791,-0.0021624098315670953]]],0,[0,2,1,0,3,1,0,2,1,0,0,1,0,2,1,0,0,1,0,-3,4,0,-4,2,0,-1,5,0,-2,15,0,-3,19,0,-1,7,0,-2,9,0,-3,12,0,3,4,0,-1,6,0,-1,8,0,0,8,0,-1,10,0,-1,11,0,0,11,0,-1,13,0,-1,14,0,0,14,0,-1,16,0,-1,17,0,-1,18,0,0,18,0,-1,20,0,-1,21,0,-1,22,0,0,22,0,5,1,3,0,6,32],[0,0,0,0,0,0,0,0,0],[-1,-2,-3,-4,-5,6,7,-1,8],[3,4,5,6,7,8,9,1,1]]]]
